# M_T	 rho_0	 phi_0	 R_F	 N_F	 R_B	 R_B_0	 N_B	 N_B/N_F	 omega	 mu	 lambda	 R_G	 
5.5869086424e-01 4.0679097569e-05 1.0328292847e-03 4.7270916164e+02 4.3292077733e-01 1.9570427174e+02 1.9658404971e+02 1.2990918107e+00 3.0007610601e+00 1.0158042801e-01 1.0000000000e-01 0.0000000000e+00 2.9220171947e+02
5.5862830736e-01 4.0770520505e-05 1.0324478149e-03 4.7296419670e+02 4.3292661205e-01 1.9571165486e+02 1.9659158424e+02 1.2984056152e+00 2.9991356019e+00 1.0158087428e-01 1.0000000000e-01 0.0000000000e+00 2.9240106386e+02
5.5840431540e-01 4.1044789312e-05 1.0324478149e-03 4.7342588718e+02 4.3268814056e-01 1.9569688861e+02 1.9657995438e+02 1.2985251836e+00 3.0010648822e+00 1.0158239697e-01 1.0000000000e-01 0.0000000000e+00 2.9271115512e+02
5.5805991106e-01 4.1501903992e-05 1.0316848755e-03 4.7439364619e+02 4.3246669646e-01 1.9569688861e+02 1.9657990391e+02 1.2972663619e+00 2.9996907796e+00 1.0158478556e-01 1.0000000000e-01 0.0000000000e+00 2.9341993515e+02
5.5758551821e-01 4.2141864543e-05 1.0309219360e-03 4.7564324015e+02 4.3209246926e-01 1.9569688861e+02 1.9658226882e+02 1.2962197986e+00 2.9998666738e+00 1.0158813507e-01 1.0000000000e-01 0.0000000000e+00 2.9432067644e+02
5.5699652584e-01 4.2964670966e-05 1.0297775269e-03 4.7727545159e+02 4.3166249945e-01 1.9570427174e+02 1.9658889488e+02 1.2945760364e+00 2.9990467970e+00 1.0159233892e-01 1.0000000000e-01 0.0000000000e+00 2.9549459336e+02
5.5624566033e-01 4.3970323261e-05 1.0286331177e-03 4.7927167852e+02 4.3104209917e-01 1.9571165486e+02 1.9658614784e+02 1.2931983359e+00 3.0001671260e+00 1.0159774692e-01 1.0000000000e-01 0.0000000000e+00 2.9691953654e+02
5.5537913050e-01 4.5158821427e-05 1.0271072388e-03 4.8166862024e+02 4.3037669813e-01 1.9571903799e+02 1.9659428803e+02 1.2911064650e+00 2.9999450961e+00 1.0160395557e-01 1.0000000000e-01 0.0000000000e+00 2.9865457099e+02
5.5438355176e-01 4.6530165465e-05 1.0255813599e-03 4.8436012271e+02 4.2959588582e-01 1.9570427174e+02 1.9658526821e+02 1.2888652818e+00 3.0001806914e+00 1.0161095435e-01 1.0000000000e-01 0.0000000000e+00 3.0060371607e+02
5.5325142087e-01 4.8084355375e-05 1.0236740112e-03 4.8752612797e+02 4.2873314458e-01 1.9569688861e+02 1.9658157665e+02 1.2860669473e+00 2.9996909815e+00 1.0161897137e-01 1.0000000000e-01 0.0000000000e+00 3.0291463429e+02
5.5201174336e-01 4.9821391157e-05 1.0213851929e-03 4.9111886922e+02 4.2779857674e-01 1.9571165486e+02 1.9659149772e+02 1.2829019559e+00 2.9988457786e+00 1.0162784768e-01 1.0000000000e-01 0.0000000000e+00 3.0554302690e+02
5.5065383180e-01 5.1741272810e-05 1.0194778442e-03 4.9486622350e+02 4.2665975274e-01 1.9571165486e+02 1.9659255040e+02 1.2805788198e+00 3.0014052451e+00 1.0163743112e-01 1.0000000000e-01 0.0000000000e+00 3.0826001701e+02
5.4910151885e-01 5.3844000335e-05 1.0168075562e-03 4.9938795514e+02 4.2546308497e-01 1.9571903799e+02 1.9659244224e+02 1.2768785035e+00 3.0011499203e+00 1.0164827494e-01 1.0000000000e-01 0.0000000000e+00 3.1158980652e+02
5.4744976204e-01 5.6129573732e-05 1.0137557983e-03 5.0433470678e+02 4.2425413014e-01 1.9571903799e+02 1.9659195917e+02 1.2723022926e+00 2.9989155137e+00 1.0165955865e-01 1.0000000000e-01 0.0000000000e+00 3.1529613543e+02
5.4555684436e-01 5.8597993001e-05 1.0107040405e-03 5.0987475454e+02 4.2277878324e-01 1.9571165486e+02 1.9658324939e+02 1.2679509427e+00 2.9990883955e+00 1.0167217578e-01 1.0000000000e-01 0.0000000000e+00 3.1942330247e+02
5.4350124787e-01 6.1249258141e-05 1.0076522827e-03 5.1581842997e+02 4.2111935203e-01 1.9571903799e+02 1.9658699142e+02 1.2637948958e+00 3.0010373300e+00 1.0168544273e-01 1.0000000000e-01 0.0000000000e+00 3.2384579453e+02
5.4122504023e-01 6.4083369153e-05 1.0034561157e-03 5.2282295380e+02 4.1943089167e-01 1.9574118736e+02 1.9659821031e+02 1.2577123500e+00 2.9986163991e+00 1.0169985218e-01 1.0000000000e-01 0.0000000000e+00 3.2918379413e+02
5.3865921095e-01 6.7100326037e-05 9.9964141846e-04 5.3033872301e+02 4.1739809885e-01 1.9571903799e+02 1.9659008455e+02 1.2521430303e+00 2.9998771766e+00 1.0171508753e-01 1.0000000000e-01 0.0000000000e+00 3.3487618374e+02
5.3575662842e-01 7.0300128793e-05 9.9506378174e-04 5.3901269837e+02 4.1513158265e-01 1.9571903799e+02 1.9658707794e+02 1.2455145653e+00 3.0002886250e+00 1.0173166746e-01 1.0000000000e-01 0.0000000000e+00 3.4155052901e+02
5.3254927356e-01 7.3682777420e-05 9.9010467529e-04 5.4858813602e+02 4.1260744051e-01 1.9572642111e+02 1.9658878673e+02 1.2383855872e+00 3.0013651371e+00 1.0174898655e-01 1.0000000000e-01 0.0000000000e+00 3.4897056994e+02
5.2885552737e-01 7.7248271919e-05 9.8400115967e-04 5.5991526342e+02 4.0981038151e-01 1.9573380424e+02 1.9660236332e+02 1.2290854207e+00 2.9991563809e+00 1.0176785863e-01 1.0000000000e-01 0.0000000000e+00 3.5791153469e+02
5.2470691960e-01 8.0996612290e-05 9.7789764404e-04 5.7229920877e+02 4.0654217742e-01 1.9574118736e+02 1.9659544885e+02 1.2198994518e+00 3.0006713190e+00 1.0178752173e-01 1.0000000000e-01 0.0000000000e+00 3.6773847447e+02
5.1987796409e-01 8.4927798533e-05 9.7026824951e-04 5.8715872181e+02 4.0284877499e-01 1.9575595361e+02 1.9660674705e+02 1.2081082429e+00 2.9989125397e+00 1.0180908120e-01 1.0000000000e-01 0.0000000000e+00 3.7980250122e+02
5.1447629225e-01 8.9041830648e-05 9.6235275269e-04 6.0357878528e+02 3.9863776499e-01 1.9575226205e+02 1.9660346646e+02 1.1957105887e+00 2.9994915026e+00 1.0183133123e-01 1.0000000000e-01 0.0000000000e+00 3.9332469521e+02
5.1005794189e-01 9.3338708634e-05 9.5586776733e-04 6.1717956918e+02 3.9520663606e-01 1.9575595361e+02 1.9660363950e+02 1.1854390447e+00 2.9995423571e+00 1.0184879081e-01 1.0000000000e-01 0.0000000000e+00 4.0472793225e+02
5.0591299323e-01 9.7818432492e-05 9.4995498657e-04 6.3001387797e+02 3.9195629624e-01 1.9576333674e+02 1.9660730944e+02 1.1761172966e+00 3.0006337641e+00 1.0186522641e-01 1.0000000000e-01 0.0000000000e+00 4.1564757457e+02
5.0285706683e-01 1.0248100222e-04 9.4556808472e-04 6.3968855521e+02 3.8958519660e-01 1.9577441143e+02 1.9660560065e+02 1.1689947627e+00 3.0006139168e+00 1.0187767770e-01 1.0000000000e-01 0.0000000000e+00 4.2400158086e+02
5.0016333775e-01 1.0732641782e-04 9.4156265259e-04 6.4851521851e+02 3.8752815336e-01 1.9577071986e+02 1.9660448308e+02 1.1623890545e+00 2.9994957642e+00 1.0188942717e-01 1.0000000000e-01 0.0000000000e+00 4.3172063836e+02
4.9426822067e-01 1.1235467930e-04 9.3317031860e-04 6.6804806961e+02 3.8294374671e-01 1.9576702830e+02 1.9660635049e+02 1.1487552018e+00 2.9998014374e+00 1.0191526883e-01 1.0000000000e-01 0.0000000000e+00 4.4906729127e+02
4.8734904310e-01 1.1756578664e-04 9.2344284058e-04 6.9132755398e+02 3.7754336234e-01 1.9577810299e+02 1.9661407970e+02 1.1329500004e+00 3.0008473553e+00 1.0194306232e-01 1.0000000000e-01 0.0000000000e+00 4.7025316933e+02
4.7911039409e-01 1.2295973986e-04 9.1180801392e-04 7.1963843637e+02 3.7117208282e-01 1.9578917768e+02 1.9661746123e+02 1.1135494724e+00 3.0000895109e+00 1.0197321031e-01 1.0000000000e-01 0.0000000000e+00 4.9684349511e+02
4.6986655963e-01 1.2853653895e-04 8.9921951294e-04 7.5146814944e+02 3.6398432953e-01 1.9580948127e+02 1.9662174402e+02 1.0921752270e+00 3.0006105715e+00 1.0200377782e-01 1.0000000000e-01 0.0000000000e+00 5.2774002873e+02
4.5857844907e-01 1.3429618391e-04 8.8415145874e-04 7.9068682798e+02 3.5523040753e-01 1.9579840658e+02 1.9662464248e+02 1.0658484079e+00 3.0004424884e+00 1.0203767935e-01 1.0000000000e-01 0.0000000000e+00 5.6737633693e+02
4.4573398422e-01 1.4023867474e-04 8.6717605591e-04 8.3548200126e+02 3.4527385552e-01 1.9582609330e+02 1.9662732463e+02 1.0358558736e+00 3.0000993619e+00 1.0207259663e-01 1.0000000000e-01 0.0000000000e+00 6.1472985686e+02
4.3011212035e-01 1.4636401144e-04 8.4714889526e-04 8.8910364316e+02 3.3312749167e-01 1.9583532221e+02 1.9663311432e+02 9.9975550891e-01 3.0011197932e+00 1.0211093621e-01 1.0000000000e-01 0.0000000000e+00 6.7414371197e+02
4.1179675838e-01 1.5267219402e-04 8.2387924194e-04 9.5022072904e+02 3.1896306023e-01 1.9582424752e+02 1.9663482311e+02 9.5668861694e-01 2.9993712007e+00 1.0215123197e-01 1.0000000000e-01 0.0000000000e+00 7.4529119897e+02
3.8947030608e-01 1.5916322246e-04 7.9622268677e-04 1.0179029923e+03 3.0161440377e-01 1.9585008846e+02 1.9663874540e+02 9.0502347135e-01 3.0005976506e+00 1.0219455659e-01 1.0000000000e-01 0.0000000000e+00 8.2777178332e+02
3.6035319475e-01 1.6583709678e-04 7.6055526733e-04 1.0586827188e+03 2.7901536627e-01 1.9587592940e+02 1.9665037526e+02 8.3740651554e-01 3.0012917451e+00 1.0224083455e-01 1.0000000000e-01 0.0000000000e+00 8.9876422469e+02
3.2102723591e-01 1.7269381697e-04 7.1210861206e-04 1.0187935386e+03 2.4854908685e-01 1.9588515831e+02 1.9666625187e+02 7.4555581195e-01 2.9996320702e+00 1.0228734435e-01 1.0000000000e-01 0.0000000000e+00 9.0168240496e+02
2.6883747304e-01 1.7973338304e-04 6.4573287964e-04 9.6038932583e+02 2.0806035249e-01 1.9591099925e+02 1.9666736943e+02 6.2427917696e-01 3.0004715915e+00 1.0233758571e-01 1.0000000000e-01 0.0000000000e+00 8.6855801328e+02
2.1122443248e-01 1.8695579497e-04 5.6676864624e-04 8.8630335495e+02 1.6340276122e-01 1.9592207393e+02 1.9667129893e+02 4.9008160454e-01 2.9992247431e+00 1.0238681891e-01 1.0000000000e-01 0.0000000000e+00 7.9955163262e+02
1.5217121275e-01 1.9436105278e-04 4.7597885132e-04 7.9464554585e+02 1.1761543520e-01 1.9594791487e+02 1.9668876896e+02 3.5271246551e-01 2.9988620533e+00 1.0244497967e-01 1.0000000000e-01 0.0000000000e+00 6.5449906131e+02
1.1755076696e-01 2.0194915645e-04 4.1570663452e-04 3.8845597831e+02 9.0754859533e-02 1.9597006425e+02 1.9669971386e+02 2.7234757631e-01 3.0009145264e+00 1.0251615889e-01 1.0000000000e-01 0.0000000000e+00 1.9635398676e+02
1.1298655061e-01 2.0972010600e-04 4.0750503540e-04 1.9728949507e+02 8.7220288054e-02 1.9597375581e+02 1.9671069482e+02 2.6167964032e-01 3.0002152729e+00 1.0261230304e-01 1.0000000000e-01 0.0000000000e+00 1.9572272955e+02
1.1476748618e-01 2.1767390143e-04 4.1155815125e-04 1.2056740238e+02 8.8607428979e-02 1.9599339608e+02 1.9672017608e+02 2.6576998494e-01 2.9994097335e+00 1.0272145637e-01 1.0000000000e-01 0.0000000000e+00 1.9574236982e+02
1.1813851813e-01 2.2581054272e-04 4.1894912720e-04 8.4900720907e+01 9.1210192562e-02 1.9600197608e+02 1.9673766053e+02 2.7375196483e-01 3.0013308506e+00 1.0283310298e-01 1.0000000000e-01 0.0000000000e+00 1.9575094982e+02
1.2264577363e-01 2.3413002988e-04 4.2848587036e-04 6.3838596714e+01 9.4717089116e-02 1.9601127708e+02 1.9674783396e+02 2.8417875247e-01 3.0002901812e+00 1.0296200422e-01 1.0000000000e-01 0.0000000000e+00 1.9576025082e+02
1.2749092950e-01 2.4263236292e-04 4.3859481812e-04 5.1772132958e+01 9.8484802760e-02 1.9602360633e+02 1.9676213876e+02 2.9543182795e-01 2.9997707227e+00 1.0309100120e-01 1.0000000000e-01 0.0000000000e+00 1.9578734632e+02
1.3288328891e-01 2.5131754183e-04 4.4984817505e-04 4.3602264993e+01 1.0267196347e-01 1.9603424120e+02 1.9678463422e+02 3.0804403023e-01 3.0002740749e+00 1.0322904124e-01 1.0000000000e-01 0.0000000000e+00 1.9578321494e+02
1.3885886806e-01 2.6018556661e-04 4.6205520630e-04 3.7682808229e+01 1.0732519593e-01 1.9606559785e+02 1.9681197486e+02 3.2192297379e-01 2.9995097702e+00 1.0337803700e-01 1.0000000000e-01 0.0000000000e+00 1.9581457159e+02
1.4492253593e-01 2.6923643726e-04 4.7445297241e-04 3.3535921606e+01 1.1203790970e-01 1.9608277948e+02 1.9683447032e+02 3.3613223422e-01 3.0001651684e+00 1.0352606022e-01 1.0000000000e-01 0.0000000000e+00 1.9583175322e+02
1.5186772344e-01 2.7847015378e-04 4.8837661743e-04 3.0108464305e+01 1.1745639330e-01 1.9611063924e+02 1.9685066417e+02 3.5224670050e-01 2.9989572352e+00 1.0369362892e-01 1.0000000000e-01 0.0000000000e+00 1.9585961298e+02
1.5914420415e-01 2.8788671618e-04 5.0306320190e-04 2.7477057881e+01 1.2311155839e-01 1.9610761101e+02 1.9687152294e+02 3.6939393641e-01 3.0004813621e+00 1.0386591058e-01 1.0000000000e-01 0.0000000000e+00 1.9585658475e+02
1.6641431061e-01 2.9748612445e-04 5.1736831665e-04 2.5468227731e+01 1.2878614773e-01 1.9615130411e+02 1.9690634764e+02 3.8633531825e-01 2.9998204392e+00 1.0403692999e-01 1.0000000000e-01 0.0000000000e+00 1.9590027785e+02
1.7513427639e-01 3.0726837858e-04 5.3453445435e-04 2.3612337868e+01 1.3559325400e-01 1.9617072808e+02 1.9693530334e+02 4.0671287942e-01 2.9995067411e+00 1.0423985723e-01 1.0000000000e-01 0.0000000000e+00 1.9590493557e+02
1.8388569397e-01 3.1723347859e-04 5.5150985718e-04 2.2172203039e+01 1.4243124368e-01 1.9620720389e+02 1.9697647291e+02 4.2717283616e-01 2.9991512053e+00 1.0444131598e-01 1.0000000000e-01 0.0000000000e+00 1.9595617763e+02
1.9287869894e-01 3.2738142448e-04 5.6905746460e-04 2.0986367848e+01 1.4944467430e-01 1.9623220125e+02 1.9701037472e+02 4.4840225691e-01 3.0004565838e+00 1.0464646028e-01 1.0000000000e-01 0.0000000000e+00 1.9598117499e+02
2.0352353989e-01 3.3771221623e-04 5.8946609497e-04 1.9873087725e+01 1.5778716953e-01 1.9627068867e+02 1.9704616558e+02 4.7322663987e-01 2.9991452491e+00 1.0488792063e-01 1.0000000000e-01 0.0000000000e+00 1.9600489616e+02
2.1423133398e-01 3.4822585386e-04 6.1006546021e-04 1.8971192824e+01 1.6615313470e-01 1.9629908198e+02 1.9708468905e+02 4.9855544089e-01 3.0005780017e+00 1.0512766821e-01 1.0000000000e-01 0.0000000000e+00 1.9604805572e+02
2.2518667761e-01 3.5892233735e-04 6.3085556030e-04 1.8224134463e+01 1.7474983293e-01 1.9634938673e+02 1.9713306871e+02 5.2421279798e-01 2.9997899808e+00 1.0537234230e-01 1.0000000000e-01 0.0000000000e+00 1.9608359422e+02
2.3839294796e-01 3.6980166672e-04 6.5584182739e-04 1.7489628856e+01 1.8511994793e-01 1.9639749241e+02 1.9719558734e+02 5.5521687584e-01 2.9992277011e+00 1.0566465422e-01 1.0000000000e-01 0.0000000000e+00 1.9613169990e+02
2.5165997160e-01 3.8086384196e-04 6.8111419678e-04 1.6887327337e+01 1.9551932815e-01 1.9644490591e+02 1.9724455823e+02 5.8670084648e-01 3.0007306799e+00 1.0595498014e-01 1.0000000000e-01 0.0000000000e+00 1.9617911340e+02
2.6482758356e-01 3.9210886308e-04 7.0590972900e-04 1.6399637302e+01 2.0590351334e-01 1.9647403465e+02 1.9729598054e+02 6.1749321871e-01 2.9989445479e+00 1.0624299137e-01 1.0000000000e-01 0.0000000000e+00 1.9620824214e+02
2.8140820647e-01 4.0353673006e-04 7.3719024658e-04 1.5888435186e+01 2.1896493785e-01 1.9655349698e+02 1.9737131149e+02 6.5662552877e-01 2.9987701922e+00 1.0660223062e-01 1.0000000000e-01 0.0000000000e+00 1.9627293822e+02
2.9806500884e-01 4.1514744292e-04 7.6885223389e-04 1.5474482673e+01 2.3207314309e-01 1.9661205007e+02 1.9745355691e+02 6.9630985184e-01 3.0003896296e+00 1.0695924625e-01 1.0000000000e-01 0.0000000000e+00 1.9633149130e+02
3.1458812519e-01 4.2694100165e-04 8.0013275146e-04 1.5136279295e+01 2.4513518115e-01 1.9667253545e+02 1.9752571543e+02 7.3534224826e-01 2.9997417948e+00 1.0731272427e-01 1.0000000000e-01 0.0000000000e+00 1.9639197669e+02
3.3446192112e-01 4.3891740625e-04 8.3789825439e-04 1.4793879649e+01 2.6086748308e-01 1.9677312333e+02 1.9761523582e+02 7.8239963443e-01 2.9992225370e+00 1.0773578909e-01 1.0000000000e-01 0.0000000000e+00 1.9647779831e+02
3.5551356992e-01 4.5107665672e-04 8.7833404541e-04 1.4503133040e+01 2.7752527114e-01 1.9686629923e+02 1.9772622063e+02 8.3268445243e-01 3.0003914563e+00 1.0817957904e-01 1.0000000000e-01 0.0000000000e+00 1.9657097422e+02
3.7642036194e-01 4.6341875306e-04 9.1876983643e-04 1.4265654526e+01 2.9413454928e-01 1.9693891198e+02 1.9781979309e+02 8.8236273819e-01 2.9998609152e+00 1.0861933692e-01 1.0000000000e-01 0.0000000000e+00 1.9664358697e+02
3.9930831369e-01 4.7594369528e-04 9.6340179443e-04 1.4057146127e+01 3.1234838053e-01 1.9704049485e+02 1.9792911238e+02 9.3688396352e-01 2.9994839799e+00 1.0909976843e-01 1.0000000000e-01 0.0000000000e+00 1.9674516983e+02
4.2589188050e-01 4.8865148336e-04 1.0160446167e-03 1.3850418619e+01 3.3352531426e-01 1.9715862485e+02 1.9806634189e+02 1.0005536027e+00 2.9999330184e+00 1.0965424094e-01 1.0000000000e-01 0.0000000000e+00 1.9684853359e+02
4.5231832624e-01 5.0154211732e-04 1.0690689087e-03 1.3692085189e+01 3.5465051971e-01 1.9728086460e+02 1.9820696015e+02 1.0637340077e+00 2.9993865752e+00 1.1020415884e-01 1.0000000000e-01 0.0000000000e+00 1.9697077334e+02
4.7853125402e-01 5.1461559715e-04 1.1228561401e-03 1.3555598312e+01 3.7559588807e-01 1.9738063774e+02 1.9833472282e+02 1.1270709947e+00 3.0007543492e+00 1.1074821413e-01 1.0000000000e-01 0.0000000000e+00 1.9707054647e+02
5.1058654104e-01 5.2787192285e-04 1.1896133423e-03 1.3426696443e+01 4.0135474690e-01 1.9753228021e+02 1.9850471496e+02 1.2039238868e+00 2.9996502997e+00 1.1141541565e-01 1.0000000000e-01 0.0000000000e+00 1.9720742269e+02
5.4374779784e-01 5.4131109443e-04 1.2605667114e-03 1.3319583445e+01 4.2800903580e-01 1.9769095972e+02 1.9868728869e+02 1.2842640383e+00 3.0005535652e+00 1.1210268667e-01 1.0000000000e-01 0.0000000000e+00 1.9736610221e+02
5.7650710722e-01 5.5493311187e-04 1.3324737549e-03 1.3239378479e+01 4.5443106102e-01 1.9784702918e+02 1.9886730284e+02 1.3636567181e+00 3.0007999785e+00 1.1278306778e-01 1.0000000000e-01 0.0000000000e+00 1.9750740542e+02
6.1002398602e-01 5.6873797519e-04 1.4080047607e-03 1.3174314687e+01 4.8161597323e-01 1.9798867848e+02 1.9904500255e+02 1.4443758021e+00 2.9990197219e+00 1.1348412421e-01 1.0000000000e-01 0.0000000000e+00 1.9764905472e+02
6.5085277533e-01 5.8272568438e-04 1.5033721924e-03 1.3111579752e+01 5.1472309498e-01 1.9819173606e+02 1.9928248106e+02 1.5440302502e+00 2.9997298845e+00 1.1433764608e-01 1.0000000000e-01 0.0000000000e+00 1.9783734604e+02
6.9115298711e-01 5.9689623944e-04 1.6010284424e-03 1.3065867824e+01 5.4752750078e-01 1.9839705039e+02 1.9951521534e+02 1.6425437171e+00 2.9999291630e+00 1.1518357579e-01 1.0000000000e-01 0.0000000000e+00 1.9801312787e+02
7.3078463875e-01 6.1124964037e-04 1.7009735107e-03 1.3033162886e+01 5.7985678198e-01 1.9858583921e+02 1.9974123704e+02 1.7400715138e+00 3.0008642960e+00 1.1602008985e-01 1.0000000000e-01 0.0000000000e+00 1.9820191670e+02
7.7271712858e-01 6.2578588718e-04 1.8108367920e-03 1.3004409074e+01 6.1425577932e-01 1.9879334541e+02 2.0000005019e+02 1.8428614466e+00 3.0001532076e+00 1.1691524203e-01 1.0000000000e-01 0.0000000000e+00 1.9839465664e+02
8.2110402700e-01 6.4050497985e-04 1.9435882568e-03 1.2986189193e+01 6.5409284098e-01 1.9904091804e+02 2.0029958589e+02 1.9619325927e+00 2.9994711298e+00 1.1795592889e-01 1.0000000000e-01 0.0000000000e+00 1.9862746302e+02
8.6858101077e-01 6.5540691840e-04 2.0809173584e-03 1.2976253698e+01 6.9330693558e-01 1.9928200880e+02 2.0059298581e+02 2.0794462433e+00 2.9993155074e+00 1.1898621641e-01 1.0000000000e-01 0.0000000000e+00 1.9883902129e+02
9.1494820197e-01 6.7049170282e-04 2.2220611572e-03 1.2973405716e+01 7.3173424073e-01 1.9950065458e+02 2.0087970198e+02 2.1947896627e+00 2.9994355061e+00 1.2000428366e-01 1.0000000000e-01 0.0000000000e+00 1.9904290081e+02
9.6359841128e-01 6.8575933311e-04 2.3784637451e-03 1.2977782236e+01 7.7213079920e-01 1.9975605736e+02 2.0119697449e+02 2.3169994735e+00 3.0007862346e+00 1.2108608417e-01 1.0000000000e-01 0.0000000000e+00 1.9926877109e+02
1.0190284679e+00 7.0120980928e-04 2.5672912598e-03 1.2981041194e+01 8.1843616125e-01 2.0003987508e+02 2.0156963485e+02 2.4560578731e+00 3.0009156356e+00 1.2233783772e-01 1.0000000000e-01 0.0000000000e+00 1.9953782256e+02
1.0728797470e+00 7.1684313131e-04 2.7626037598e-03 1.2993846302e+01 8.6373024234e-01 2.0031847270e+02 2.0193205690e+02 2.5907780304e+00 2.9995221927e+00 1.2357608095e-01 1.0000000000e-01 0.0000000000e+00 1.9977212143e+02
1.1252713431e+00 7.3265929922e-04 2.9655456543e-03 1.3009982468e+01 9.0786739461e-01 2.0057086888e+02 2.0228891276e+02 2.7235108055e+00 2.9998993484e+00 1.2479944285e-01 1.0000000000e-01 0.0000000000e+00 2.0000975135e+02
1.1773421460e+00 7.4865831300e-04 3.1806945801e-03 1.3019297896e+01 9.5185302000e-01 2.0083122498e+02 2.0266111889e+02 2.8566325497e+00 3.0011277893e+00 1.2603811163e-01 1.0000000000e-01 0.0000000000e+00 2.0022580871e+02
1.2380987219e+00 7.6484017265e-04 3.4492492676e-03 1.3042341322e+01 1.0036798968e+00 2.0113482717e+02 2.0310237599e+02 3.0103508062e+00 2.9993136416e+00 1.2752070190e-01 1.0000000000e-01 0.0000000000e+00 2.0048511215e+02
1.2971199758e+00 7.8120487817e-04 3.7315368652e-03 1.3056660547e+01 1.0540574418e+00 2.0141493891e+02 2.0353816064e+02 3.1623879050e+00 3.0002045235e+00 1.2898739728e-01 1.0000000000e-01 0.0000000000e+00 2.0070615888e+02
1.3539868936e+00 7.9775242956e-04 4.0245056152e-03 1.3079768864e+01 1.1028683273e+00 2.0167429282e+02 2.0396749947e+02 3.3092763367e+00 3.0006087352e+00 1.3043626774e-01 1.0000000000e-01 0.0000000000e+00 2.0092121403e+02
1.4085010218e+00 8.1448282683e-04 4.3266296387e-03 1.3100332022e+01 1.1500428924e+00 2.0191634973e+02 2.0439090440e+02 3.4493836642e+00 2.9993521867e+00 1.3186627217e-01 1.0000000000e-01 0.0000000000e+00 2.0110420595e+02
1.4695794532e+00 8.3139606996e-04 4.6928405762e-03 1.3114370054e+01 1.2030369472e+00 2.0216664777e+02 2.0488127658e+02 3.6082840737e+00 2.9993127661e+00 1.3351032509e-01 1.0000000000e-01 0.0000000000e+00 2.0126590649e+02
1.5312342429e+00 8.4849215897e-04 5.0949096680e-03 1.3136173346e+01 1.2568833210e+00 2.0239519299e+02 2.0538393475e+02 3.7690142067e+00 2.9986985617e+00 1.3522045460e-01 1.0000000000e-01 0.0000000000e+00 2.0142062045e+02
1.5905119293e+00 8.6577109385e-04 5.5160522461e-03 1.3152965630e+01 1.3087383063e+00 2.0257439961e+02 2.0587990196e+02 3.9260731114e+00 2.9998916457e+00 1.3691060937e-01 1.0000000000e-01 0.0000000000e+00 2.0149646332e+02
1.6470684074e+00 8.8323287460e-04 5.9524536133e-03 1.3169491141e+01 1.3585634808e+00 2.0269428888e+02 2.0635626496e+02 4.0759690318e+00 3.0002050618e+00 1.3857950187e-01 1.0000000000e-01 0.0000000000e+00 2.0151298883e+02
1.7028392865e+00 9.0087750123e-04 6.4193725586e-03 1.3183493123e+01 1.4079165941e+00 2.0279688837e+02 2.0684382521e+02 4.2249080642e+00 3.0008226921e+00 1.4028166721e-01 1.0000000000e-01 0.0000000000e+00 2.0149745831e+02
1.7646123226e+00 9.1870497372e-04 6.9839477539e-03 1.3195584433e+01 1.4631501628e+00 2.0282374593e+02 2.0741199419e+02 4.3886474753e+00 2.9994511753e+00 1.4224532959e-01 1.0000000000e-01 0.0000000000e+00 2.0136188712e+02
1.8236888900e+00 9.3671529209e-04 7.5759887695e-03 1.3208238129e+01 1.5159677373e+00 2.0276256837e+02 2.0795807148e+02 4.5488493984e+00 3.0006241469e+00 1.4418685438e-01 1.0000000000e-01 0.0000000000e+00 2.0113828080e+02
1.8793791987e+00 9.5490845633e-04 8.1863403320e-03 1.3216508094e+01 1.5663754462e+00 2.0260840958e+02 2.0848491227e+02 4.6980196761e+00 2.9992934883e+00 1.4610419681e-01 1.0000000000e-01 0.0000000000e+00 2.0077739450e+02
1.9325040750e+00 9.7328446644e-04 8.8211059570e-03 1.3221252329e+01 1.6143780641e+00 2.0234736130e+02 2.0900592731e+02 4.8441006678e+00 3.0005986673e+00 1.4799821494e-01 1.0000000000e-01 0.0000000000e+00 2.0030961872e+02
1.9859575289e+00 9.9184332243e-04 9.5184326172e-03 1.3225527909e+01 1.6633037428e+00 2.0195294811e+02 2.0954200421e+02 4.9891173199e+00 2.9995226919e+00 1.5000348815e-01 1.0000000000e-01 0.0000000000e+00 1.9963464677e+02
2.0418674914e+00 1.0105850243e-03 1.0317993164e-02 1.3226119135e+01 1.7147502357e+00 2.0133335682e+02 2.1012386515e+02 5.1420888548e+00 2.9987392611e+00 1.5219949143e-01 1.0000000000e-01 0.0000000000e+00 1.9871973046e+02
2.0947519986e+00 1.0295095720e-03 1.1148071289e-02 1.3226948295e+01 1.7633989272e+00 2.0053682286e+02 2.1069975613e+02 5.2903016843e+00 3.0000594890e+00 1.5436984501e-01 1.0000000000e-01 0.0000000000e+00 1.9758357274e+02
2.1440462322e+00 1.0486169656e-03 1.1996459961e-02 1.3225001572e+01 1.8093252523e+00 1.9953077110e+02 2.1124206976e+02 5.4268793940e+00 2.9993940488e+00 1.5651244892e-01 1.0000000000e-01 0.0000000000e+00 1.9620836471e+02
2.1905327021e+00 1.0679072051e-03 1.2869262695e-02 1.3217596817e+01 1.8525680560e+00 1.9829775312e+02 2.1176708099e+02 5.5591031191e+00 3.0007551416e+00 1.5862862413e-01 1.0000000000e-01 0.0000000000e+00 1.9460619047e+02
2.2365957875e+00 1.0873802904e-03 1.3815307617e-02 1.3210963540e+01 1.8959456704e+00 1.9675542978e+02 2.1231706614e+02 5.6888192934e+00 3.0005180962e+00 1.6085879524e-01 1.0000000000e-01 0.0000000000e+00 1.9265041211e+02
2.2834122500e+00 1.1070362216e-03 1.4871215820e-02 1.3199211104e+01 1.9405322705e+00 1.9477976602e+02 2.1290037630e+02 5.8197963592e+00 2.9990721864e+00 1.6327515889e-01 1.0000000000e-01 0.0000000000e+00 1.9021699458e+02
2.3270805291e+00 1.1268749987e-03 1.5951538086e-02 1.3183320081e+01 1.9820774137e+00 1.9251940490e+02 2.1346154429e+02 5.9452268330e+00 2.9994927503e+00 1.6566131766e-01 1.0000000000e-01 0.0000000000e+00 1.8749887969e+02
2.3673526562e+00 1.1468966217e-03 1.7044067383e-02 1.3167630940e+01 2.0207209397e+00 1.8997868690e+02 2.1399168009e+02 6.0609531533e+00 2.9994013692e+00 1.6801552229e-01 1.0000000000e-01 0.0000000000e+00 1.8454470668e+02
2.4046442519e+00 1.1671010905e-03 1.8148803711e-02 1.3149411059e+01 2.0565593644e+00 1.8721394441e+02 2.1450286778e+02 6.1700678858e+00 3.0001895362e+00 1.7033842488e-01 1.0000000000e-01 0.0000000000e+00 1.8141080792e+02
2.4395116392e+00 1.1874884052e-03 1.9281005859e-02 1.3127427515e+01 2.0906889452e+00 1.8417966016e+02 2.1501084699e+02 6.2695097679e+00 2.9987769258e+00 1.7269237471e-01 1.0000000000e-01 0.0000000000e+00 1.7803689991e+02
2.4760552005e+00 1.2080585658e-03 2.0574951172e-02 1.3101745198e+01 2.1259525357e+00 1.8059531145e+02 2.1556458139e+02 6.3800256589e+00 3.0010198026e+00 1.7530827214e-01 1.0000000000e-01 0.0000000000e+00 1.7412769368e+02
2.5087477563e+00 1.2288115722e-03 2.1856689453e-02 1.3073712394e+01 2.1582830961e+00 1.7689046782e+02 2.1608474564e+02 6.4750881707e+00 3.0001106816e+00 1.7788447919e-01 1.0000000000e-01 0.0000000000e+00 1.7017182379e+02
2.5385679135e+00 1.2497474245e-03 2.3138427734e-02 1.3045117204e+01 2.1877515066e+00 1.7314079190e+02 2.1658930006e+02 6.5638776092e+00 3.0002848081e+00 1.8042427411e-01 1.0000000000e-01 0.0000000000e+00 1.6624495286e+02
2.5654422169e+00 1.2708661227e-03 2.4407958984e-02 1.3014142686e+01 2.2145831872e+00 1.6940348848e+02 2.1705793385e+02 6.6435037461e+00 2.9998890014e+00 1.8292638607e-01 1.0000000000e-01 0.0000000000e+00 1.6237475319e+02
2.5897401855e+00 1.2921676668e-03 2.5665283203e-02 1.2982418320e+01 2.2389252001e+00 1.6572448579e+02 2.1751064056e+02 6.7163591546e+00 2.9998139975e+00 1.8539199939e-01 1.0000000000e-01 0.0000000000e+00 1.5862191925e+02
2.6136908341e+00 1.3136520567e-03 2.7032470703e-02 1.2944154408e+01 2.2632034952e+00 1.6178794614e+02 2.1797651288e+02 6.7875376282e+00 2.9990841048e+00 1.8807485735e-01 1.0000000000e-01 0.0000000000e+00 1.5462631459e+02
2.6360284071e+00 1.3353192925e-03 2.8436279297e-02 1.2905050521e+01 2.2856367437e+00 1.5785053767e+02 2.1844294759e+02 6.8568759269e+00 2.9999849913e+00 1.9081327775e-01 1.0000000000e-01 0.0000000000e+00 1.5068890612e+02
2.6558207394e+00 1.3571693742e-03 2.9815673828e-02 1.2864190979e+01 2.3055987435e+00 1.5408858297e+02 2.1887649711e+02 6.9188702183e+00 3.0008995441e+00 1.9350989796e-01 1.0000000000e-01 0.0000000000e+00 1.4695648393e+02
2.6730490595e+00 1.3792023017e-03 3.1158447266e-02 1.2823180025e+01 2.3233851039e+00 1.5053320437e+02 2.1929253333e+02 6.9708075027e+00 3.0002807073e+00 1.9616366752e-01 1.0000000000e-01 0.0000000000e+00 1.4344540408e+02
2.6883402496e+00 1.4014180752e-03 3.2476806641e-02 1.2781130819e+01 2.3390580522e+00 1.4718351503e+02 2.1967597277e+02 7.0185957224e+00 3.0006077514e+00 1.9877861023e-01 1.0000000000e-01 0.0000000000e+00 1.4015477974e+02
2.7015431923e+00 1.4238166944e-03 3.3758544922e-02 1.2739831462e+01 2.3529918919e+00 1.4404130305e+02 2.2003006718e+02 7.0576622875e+00 2.9994418220e+00 2.0136138053e-01 1.0000000000e-01 0.0000000000e+00 1.3707163276e+02
2.7148624111e+00 1.4463981596e-03 3.5186767578e-02 1.2691170610e+01 2.3665089988e+00 1.4068500206e+02 2.2041281445e+02 7.1017411217e+00 3.0009356083e+00 2.0423847162e-01 1.0000000000e-01 0.0000000000e+00 1.3380392927e+02
2.7260219212e+00 1.4691624706e-03 3.6566162109e-02 1.2645047707e+01 2.3782025603e+00 1.3758226528e+02 2.2077874060e+02 7.1366069195e+00 3.0008406511e+00 2.0706933073e-01 1.0000000000e-01 0.0000000000e+00 1.3077502375e+02
2.7352725023e+00 1.4921096275e-03 3.7896728516e-02 1.2597879342e+01 2.3882760086e+00 1.3469997680e+02 2.2109703693e+02 7.1632489678e+00 2.9993388294e+00 2.0985554559e-01 1.0000000000e-01 0.0000000000e+00 1.2798133277e+02
2.7433337873e+00 1.5152396303e-03 3.9202880859e-02 1.2550920069e+01 2.3966245001e+00 1.3200987308e+02 2.2140173505e+02 7.1899427909e+00 3.0000289118e+00 2.1260414508e-01 1.0000000000e-01 0.0000000000e+00 1.2536506031e+02
2.7498373668e+00 1.5385524790e-03 4.0460205078e-02 1.2502461099e+01 2.4036934354e+00 1.2951020209e+02 2.2168846565e+02 7.2094075949e+00 2.9993041079e+00 2.1531119729e-01 1.0000000000e-01 0.0000000000e+00 1.2293922057e+02
2.7552666960e+00 1.5620481735e-03 4.1693115234e-02 1.2456287726e+01 2.4094965927e+00 1.2716049362e+02 2.2194538255e+02 7.2266242165e+00 2.9992257464e+00 2.1800231992e-01 1.0000000000e-01 0.0000000000e+00 1.2066334336e+02
2.7602549589e+00 1.5857267139e-03 4.3035888672e-02 1.2403084521e+01 2.4144946811e+00 1.2472992407e+02 2.2220072765e+02 7.2450547333e+00 3.0006505253e+00 2.2096392774e-01 1.0000000000e-01 0.0000000000e+00 1.1832137131e+02
2.7637407751e+00 1.6095881001e-03 4.4317626953e-02 1.2352044341e+01 2.4184734141e+00 1.2247871255e+02 2.2244059991e+02 7.2546447265e+00 2.9996793367e+00 2.2387916208e-01 1.0000000000e-01 0.0000000000e+00 1.1614399104e+02
2.7662947863e+00 1.6336323323e-03 4.5562744141e-02 1.2302575960e+01 2.4212814461e+00 1.2039150158e+02 2.2266384572e+02 7.2625250265e+00 2.9994551184e+00 2.2675530741e-01 1.0000000000e-01 0.0000000000e+00 1.1413061133e+02
2.7679048965e+00 1.6578594103e-03 4.6765136719e-02 1.2253388771e+01 2.4231397306e+00 1.1845223432e+02 2.2285621074e+02 7.2669247157e+00 2.9989705603e+00 2.2959234252e-01 1.0000000000e-01 0.0000000000e+00 1.1225040906e+02
2.7688511474e+00 1.6822693342e-03 4.7937011719e-02 1.2205001902e+01 2.4240117518e+00 1.1664666363e+02 2.2301893511e+02 7.2710815942e+00 2.9996065773e+00 2.3239463890e-01 1.0000000000e-01 0.0000000000e+00 1.1050390337e+02
2.7689102565e+00 1.7068621039e-03 4.9060058594e-02 1.2157624445e+01 2.4242667341e+00 1.1497499860e+02 2.2316567473e+02 7.2699354435e+00 2.9988182989e+00 2.3515887040e-01 1.0000000000e-01 0.0000000000e+00 1.0889130335e+02
2.7683517374e+00 1.7316377195e-03 5.0256347656e-02 1.2106714047e+01 2.4236805445e+00 1.1325551631e+02 2.2331144819e+02 7.2679348402e+00 2.9987181507e+00 2.3815244333e-01 1.0000000000e-01 0.0000000000e+00 1.0723088606e+02
2.7673835681e+00 1.7565961810e-03 5.1452636719e-02 1.2054931228e+01 2.4220680873e+00 1.1163851092e+02 2.2342668695e+02 7.2685591191e+00 3.0009722507e+00 2.4116672933e-01 1.0000000000e-01 0.0000000000e+00 1.0565817943e+02
2.7653433591e+00 1.7817374884e-03 5.2575683594e-02 1.2005772880e+01 2.4202874711e+00 1.1012747934e+02 2.2354175267e+02 7.2585607671e+00 2.9990490195e+00 2.4413449763e-01 1.0000000000e-01 0.0000000000e+00 1.0420621285e+02
2.7629786365e+00 1.8070616416e-03 5.3674316406e-02 1.1956614532e+01 2.4177426123e+00 1.0873460661e+02 2.2361084690e+02 7.2502180343e+00 2.9987551187e+00 2.4706979536e-01 1.0000000000e-01 0.0000000000e+00 1.0285763887e+02
2.7603146134e+00 1.8325686407e-03 5.4748535156e-02 1.1907261512e+01 2.4145231668e+00 1.0741534162e+02 2.2367905429e+02 7.2431644295e+00 2.9998322356e+00 2.4997390532e-01 1.0000000000e-01 0.0000000000e+00 1.0159743888e+02
2.7570690110e+00 1.8582584857e-03 5.5773925781e-02 1.1861262983e+01 2.4110797493e+00 1.0620280929e+02 2.2373301455e+02 7.2311859993e+00 2.9991484112e+00 2.5284115098e-01 1.0000000000e-01 0.0000000000e+00 1.0041443905e+02
2.7536509248e+00 1.8841311766e-03 5.6823730469e-02 1.1812811223e+01 2.4067501471e+00 1.0501735623e+02 2.2377080981e+02 7.2233190684e+00 3.0012750086e+00 2.5577884459e-01 1.0000000000e-01 0.0000000000e+00 9.9273284746e+01
2.7491253836e+00 1.9101867133e-03 5.7873535156e-02 1.1763443783e+01 2.4023315388e+00 1.0384576817e+02 2.2377789732e+02 7.2037643761e+00 2.9986553727e+00 2.5888654457e-01 1.0000000000e-01 0.0000000000e+00 9.8131229181e+01
2.7447066450e+00 1.9364250959e-03 5.8923339844e-02 1.1715013654e+01 2.3970144596e+00 1.0273416799e+02 2.2378556885e+02 7.1914007621e+00 3.0001490952e+00 2.6196911859e-01 1.0000000000e-01 0.0000000000e+00 9.7078694010e+01
2.7398449292e+00 1.9628463244e-03 5.9924316406e-02 1.1666922398e+01 2.3916244608e+00 1.0171150420e+02 2.2377706095e+02 7.1745115034e+00 2.9998486891e+00 2.6501344739e-01 1.0000000000e-01 0.0000000000e+00 9.6085562715e+01
2.7348391350e+00 1.9894503987e-03 6.0900878906e-02 1.1620734604e+01 2.3858546707e+00 1.0074979445e+02 2.2375369307e+02 7.1584871021e+00 3.0003869012e+00 2.6802768624e-01 1.0000000000e-01 0.0000000000e+00 9.5153385465e+01
2.7294454096e+00 2.0162373189e-03 6.1828613281e-02 1.1576089768e+01 2.3801505567e+00 9.9863473325e+01 2.2371516959e+02 7.1376060187e+00 2.9988044238e+00 2.7100525624e-01 1.0000000000e-01 0.0000000000e+00 9.4296596845e+01
2.7241908494e+00 2.0432070850e-03 6.2756347656e-02 1.1531134899e+01 2.3738024761e+00 9.9021140923e+01 2.2366092093e+02 7.1225236044e+00 3.0004702059e+00 2.7396204536e-01 1.0000000000e-01 0.0000000000e+00 9.3483796944e+01
2.7183376521e+00 2.0703596970e-03 6.3684082031e-02 1.1486057458e+01 2.3672381178e+00 9.8193466620e+01 2.2359201416e+02 7.1021699979e+00 3.0001924794e+00 2.7703325408e-01 1.0000000000e-01 0.0000000000e+00 9.2685655142e+01
2.7121149776e+00 2.0976951548e-03 6.4636230469e-02 1.1439941765e+01 2.3600640558e+00 9.7394257726e+01 2.2352248733e+02 7.0817194499e+00 3.0006471360e+00 2.8023308766e-01 1.0000000000e-01 0.0000000000e+00 9.1901212499e+01
2.7056011271e+00 2.1252134585e-03 6.5539550781e-02 1.1394273098e+01 2.3530614851e+00 9.6639809029e+01 2.2342284398e+02 7.0567386404e+00 2.9989605818e+00 2.8339430557e-01 1.0000000000e-01 0.0000000000e+00 9.1176296303e+01
2.6992667114e+00 2.1529146081e-03 6.6442871094e-02 1.1349484060e+01 2.3455028294e+00 9.5930538714e+01 2.2333682047e+02 7.0373688057e+00 3.0003667945e+00 2.8653377271e-01 1.0000000000e-01 0.0000000000e+00 9.0496558489e+01
2.6926643132e+00 2.1807986035e-03 6.7297363281e-02 1.1306973409e+01 2.3382142847e+00 9.5267859957e+01 2.2322282906e+02 7.0130763361e+00 2.9993300366e+00 2.8963609638e-01 1.0000000000e-01 0.0000000000e+00 8.9848645983e+01
2.6862402037e+00 2.2088654448e-03 6.8151855469e-02 1.1264657430e+01 2.3304546823e+00 9.4664426455e+01 2.2310718653e+02 6.9938211653e+00 3.0010543515e+00 2.9271848565e-01 1.0000000000e-01 0.0000000000e+00 8.9259978732e+01
2.6795676223e+00 2.2371151320e-03 6.8957519531e-02 1.1223747417e+01 2.3230459504e+00 9.4077150750e+01 2.2299227943e+02 6.9693397155e+00 3.0000868964e+00 2.9576491334e-01 1.0000000000e-01 0.0000000000e+00 8.8702235528e+01
2.6728126801e+00 2.2655476651e-03 6.9787597656e-02 1.1181409808e+01 2.3150189087e+00 9.3532760620e+01 2.2286250514e+02 6.9479969902e+00 3.0012700820e+00 2.9889780278e-01 1.0000000000e-01 0.0000000000e+00 8.8157845398e+01
2.6653835131e+00 2.2941630440e-03 7.0617675781e-02 1.1139187560e+01 2.3069052321e+00 9.2973719601e+01 2.2271665958e+02 6.9196209068e+00 2.9995254294e+00 3.0219186136e-01 1.0000000000e-01 0.0000000000e+00 8.7613570629e+01
2.6581638245e+00 2.3229612688e-03 7.1447753906e-02 1.1097383497e+01 2.2983843246e+00 9.2459409938e+01 2.2255587472e+02 6.8961924285e+00 3.0004522545e+00 3.0546454749e-01 1.0000000000e-01 0.0000000000e+00 8.7128793468e+01
2.6509524546e+00 2.3519423395e-03 7.2253417969e-02 1.1056185081e+01 2.2898836524e+00 9.1975209584e+01 2.2240879623e+02 6.8726113678e+00 3.0012928214e+00 3.0870790954e-01 1.0000000000e-01 0.0000000000e+00 8.6659359364e+01
2.6435649894e+00 2.3811062560e-03 7.3010253906e-02 1.1015750934e+01 2.2818283041e+00 9.1536086670e+01 2.2224827094e+02 6.8439931844e+00 2.9993462576e+00 3.1191341365e-01 1.0000000000e-01 0.0000000000e+00 8.6220236451e+01
2.6363788566e+00 2.4104530184e-03 7.3767089844e-02 1.0976924636e+01 2.2734572586e+00 9.1113352276e+01 2.2208822151e+02 6.8196401641e+00 2.9996781943e+00 3.1509987575e-01 1.0000000000e-01 0.0000000000e+00 8.5812268307e+01
2.6292051530e+00 2.4399826267e-03 7.4499511719e-02 1.0938826555e+01 2.2651897711e+00 9.0735616011e+01 2.2192639840e+02 6.7946551086e+00 2.9995964113e+00 3.1825877967e-01 1.0000000000e-01 0.0000000000e+00 8.5434532043e+01
2.6220447836e+00 2.4696950809e-03 7.5207519531e-02 1.0902804979e+01 2.2570489688e+00 9.0374751342e+01 2.2176611103e+02 6.7689081519e+00 2.9990081055e+00 3.2139061186e-01 1.0000000000e-01 0.0000000000e+00 8.5088433624e+01
2.6143817932e+00 2.4995903809e-03 7.5964355469e-02 1.0862976479e+01 2.2481271230e+00 9.0010050908e+01 2.2157549085e+02 6.7426774517e+00 2.9992420725e+00 3.2477037186e-01 1.0000000000e-01 0.0000000000e+00 8.4738499441e+01
2.6067917708e+00 2.5296685268e-03 7.6721191406e-02 1.0824388113e+01 2.2389713332e+00 8.9676151950e+01 2.2139854099e+02 6.7187352541e+00 3.0008134335e+00 3.2816378980e-01 1.0000000000e-01 0.0000000000e+00 8.4404600483e+01
2.5990792347e+00 2.5599295186e-03 7.7429199219e-02 1.0786412604e+01 2.2303527163e+00 8.9357603260e+01 2.2120665904e+02 6.6897813984e+00 2.9994275567e+00 3.3151767980e-01 1.0000000000e-01 0.0000000000e+00 8.4100818043e+01
2.5915785786e+00 2.5903733562e-03 7.8137207031e-02 1.0750679432e+01 2.2215060132e+00 8.9070843827e+01 2.2103054555e+02 6.6646389450e+00 3.0000544250e+00 3.3485232139e-01 1.0000000000e-01 0.0000000000e+00 8.3814058609e+01
2.5841200554e+00 2.6210000397e-03 7.8820800781e-02 1.0714910208e+01 2.2128424409e+00 8.8798814594e+01 2.2083851219e+02 6.6386910553e+00 3.0000739920e+00 3.3815838377e-01 1.0000000000e-01 0.0000000000e+00 8.3556795627e+01
2.5767027958e+00 2.6518095691e-03 7.9479980469e-02 1.0679184245e+01 2.2043782440e+00 8.8556361122e+01 2.2066212471e+02 6.6118297494e+00 2.9994080043e+00 3.4143630353e-01 1.0000000000e-01 0.0000000000e+00 8.3314342156e+01
2.5694813202e+00 2.6828019444e-03 8.0139160156e-02 1.0645296854e+01 2.1957385111e+00 8.8330512473e+01 2.2047215343e+02 6.5882714796e+00 3.0004809071e+00 3.4469692005e-01 1.0000000000e-01 0.0000000000e+00 8.3088493506e+01
2.5622243205e+00 2.7139771655e-03 8.0773925781e-02 1.0612454924e+01 2.1873387266e+00 8.8135256207e+01 2.2029514679e+02 6.5626950356e+00 3.0003103570e+00 3.4794906236e-01 1.0000000000e-01 0.0000000000e+00 8.2893237240e+01
2.5544746690e+00 2.7453352325e-03 8.1457519531e-02 1.0575856542e+01 2.1781453163e+00 8.7921462817e+01 2.2010296923e+02 6.5368152728e+00 3.0010923624e+00 3.5147158605e-01 1.0000000000e-01 0.0000000000e+00 8.2694210101e+01
2.5467919890e+00 2.7768761454e-03 8.2116699219e-02 1.0541356293e+01 2.1691780494e+00 8.7739285642e+01 2.1991181550e+02 6.5101439346e+00 3.0012031222e+00 3.5496359746e-01 1.0000000000e-01 0.0000000000e+00 8.2512032926e+01
2.5391740058e+00 2.8085999042e-03 8.2751464844e-02 1.0507879876e+01 2.1604501392e+00 8.7572912969e+01 2.1971937838e+02 6.4825753971e+00 3.0005670020e+00 3.5842555403e-01 1.0000000000e-01 0.0000000000e+00 8.2345660254e+01
2.5316183345e+00 2.8405065088e-03 8.3361816406e-02 1.0475369611e+01 2.1519729758e+00 8.7422272699e+01 2.1952828954e+02 6.4540145711e+00 2.9991150650e+00 3.6185787247e-01 1.0000000000e-01 0.0000000000e+00 8.2195019983e+01
2.5242655119e+00 2.8725959593e-03 8.3972167969e-02 1.0443392891e+01 2.1433730898e+00 8.7286932225e+01 2.1933738095e+02 6.4284987665e+00 2.9992439473e+00 3.6527212959e-01 1.0000000000e-01 0.0000000000e+00 8.2059679509e+01
2.5171079185e+00 2.9048682556e-03 8.4582519531e-02 1.0411733415e+01 2.1346635878e+00 8.7181455917e+01 2.1916082043e+02 6.4058637676e+00 3.0008774235e+00 3.6866903886e-01 1.0000000000e-01 0.0000000000e+00 8.1939436950e+01
2.5098589137e+00 2.9373233979e-03 8.5144042969e-02 1.0381660158e+01 2.1266174455e+00 8.7077536986e+01 2.1898407966e+02 6.3778184475e+00 2.9990436037e+00 3.7202639381e-01 1.0000000000e-01 0.0000000000e+00 8.1835518019e+01
2.5029357523e+00 2.9699613860e-03 8.5729980469e-02 1.0351565270e+01 2.1180989918e+00 8.6988377096e+01 2.1882196815e+02 6.3565100527e+00 3.0010448413e+00 3.7537879075e-01 1.0000000000e-01 0.0000000000e+00 8.1746358129e+01
2.4953459443e+00 3.0027822200e-03 8.6315917969e-02 1.0321016147e+01 2.1095376881e+00 8.6913529221e+01 2.1863010783e+02 6.3280214817e+00 2.9997195677e+00 3.7897437124e-01 1.0000000000e-01 0.0000000000e+00 8.1671510254e+01
2.4878622424e+00 3.0357858998e-03 8.6901855469e-02 1.0290698648e+01 2.1008909643e+00 8.6838927390e+01 2.1845362662e+02 6.3012655201e+00 2.9993301067e+00 3.8258268473e-01 1.0000000000e-01 0.0000000000e+00 8.1596908424e+01
2.4805843194e+00 3.0689724255e-03 8.7487792969e-02 1.0260365828e+01 2.0921635792e+00 8.6793813899e+01 2.1827655419e+02 6.2773224450e+00 3.0003975346e+00 3.8617202812e-01 1.0000000000e-01 0.0000000000e+00 8.1537028682e+01
2.4733721508e+00 3.1023417971e-03 8.8049316406e-02 1.0230544923e+01 2.0837401928e+00 8.6749226744e+01 2.1811562513e+02 6.2521057161e+00 3.0004247831e+00 3.8973106411e-01 1.0000000000e-01 0.0000000000e+00 8.1492441527e+01
2.4662224300e+00 3.1358940146e-03 8.8586425781e-02 1.0202223716e+01 2.0756254425e+00 8.6720905537e+01 2.1793775237e+02 6.2255507346e+00 2.9993613525e+00 3.9326010871e-01 1.0000000000e-01 0.0000000000e+00 8.1464120319e+01
2.4592624302e+00 3.1696290779e-03 8.9123535156e-02 1.0173678996e+01 2.0674527570e+00 8.6707127067e+01 2.1779101276e+02 6.2014933513e+00 2.9995816496e+00 3.9677173687e-01 1.0000000000e-01 0.0000000000e+00 8.1435575600e+01
2.4524858326e+00 3.2035469871e-03 8.9660644531e-02 1.0147484763e+01 2.0592292622e+00 8.6710465336e+01 2.1762983855e+02 6.1798134633e+00 3.0010322682e+00 4.0026656100e-01 1.0000000000e-01 0.0000000000e+00 8.1438913868e+01
2.4456292900e+00 3.2376477422e-03 9.0148925781e-02 1.0120497422e+01 2.0517000085e+00 8.6698244245e+01 2.1748366854e+02 6.1526923010e+00 2.9988264734e+00 4.0372013406e-01 1.0000000000e-01 0.0000000000e+00 8.1426692777e+01
2.4389148099e+00 3.2719313432e-03 9.0686035156e-02 1.0092882803e+01 2.0433862385e+00 8.6729694628e+01 2.1733703707e+02 6.1323070359e+00 3.0010513530e+00 4.0728312070e-01 1.0000000000e-01 0.0000000000e+00 8.1443376910e+01
2.4316878556e+00 3.3063977900e-03 9.1198730469e-02 1.0065909881e+01 2.0353841334e+00 8.6747020458e+01 2.1717495440e+02 6.1041694940e+00 2.9990257828e+00 4.1101533449e-01 1.0000000000e-01 0.0000000000e+00 8.1460702740e+01
2.4247861362e+00 3.3410470827e-03 9.1735839844e-02 1.0038756707e+01 2.0269793255e+00 8.6793698538e+01 2.1702874833e+02 6.0823037591e+00 3.0006738019e+00 4.1474107765e-01 1.0000000000e-01 0.0000000000e+00 8.1492614569e+01
2.4179499409e+00 3.3758792213e-03 9.2248535156e-02 1.0012382222e+01 2.0189080074e+00 8.6841155306e+01 2.1689708500e+02 6.0589879435e+00 3.0011213593e+00 4.1843540389e-01 1.0000000000e-01 0.0000000000e+00 8.1540071337e+01
2.4111751894e+00 3.4108942057e-03 9.2736816406e-02 9.9870964603e+00 2.0111722482e+00 8.6889700797e+01 2.1676445552e+02 6.0341693616e+00 3.0003244959e+00 4.2209859615e-01 1.0000000000e-01 0.0000000000e+00 8.1588616828e+01
2.4045821546e+00 3.4460920360e-03 9.3225097656e-02 9.9620918914e+00 2.0034133472e+00 8.6968074402e+01 2.1663356366e+02 6.0115362088e+00 3.0006469795e+00 4.2574412204e-01 1.0000000000e-01 0.0000000000e+00 8.1652224183e+01
2.3980414270e+00 3.4814727122e-03 9.3688964844e-02 9.9386302803e+00 1.9959947736e+00 8.7033195875e+01 2.1650179939e+02 5.9872712495e+00 2.9996427489e+00 4.2935924081e-01 1.0000000000e-01 0.0000000000e+00 8.1702579405e+01
2.3916724553e+00 3.5170362343e-03 9.4152832031e-02 9.9142169383e+00 1.9885604945e+00 8.7112160707e+01 2.1638628665e+02 5.9650365606e+00 2.9996756836e+00 4.3295759325e-01 1.0000000000e-01 0.0000000000e+00 8.1781544237e+01
2.3854701128e+00 3.5527826022e-03 9.4616699219e-02 9.8911014112e+00 1.9811153369e+00 8.7207175185e+01 2.1628430723e+02 5.9447456766e+00 3.0007065039e+00 4.3653970103e-01 1.0000000000e-01 0.0000000000e+00 8.1861792464e+01
2.3791337741e+00 3.5887118160e-03 9.5080566406e-02 9.8676542203e+00 1.9736363468e+00 8.7316624250e+01 2.1616800137e+02 5.9232025613e+00 3.0011620787e+00 4.4022378869e-01 1.0000000000e-01 0.0000000000e+00 8.1956475278e+01
2.3724950639e+00 3.6248238757e-03 9.5544433594e-02 9.8444161218e+00 1.9661065431e+00 8.7426267986e+01 2.1606665644e+02 5.8986496625e+00 3.0001678613e+00 4.4408144567e-01 1.0000000000e-01 0.0000000000e+00 8.2066119015e+01
2.3660410046e+00 3.6611187812e-03 9.6008300781e-02 9.8209256704e+00 1.9585720132e+00 8.7550440041e+01 2.1596482123e+02 5.8762018787e+00 3.0002480578e+00 4.4791987556e-01 1.0000000000e-01 0.0000000000e+00 8.2175524819e+01
