# M_T	 rho_0	 phi_0	 R_F	 N_F	 R_B	 R_B_0	 N_B	 N_B/N_F	 omega	 mu	 lambda	 R_G	 
3.0373409398e-01 4.0679097569e-05 2.7803421021e-03 7.3831989920e+02 2.5829172444e-01 1.1702239188e+01 1.1769746973e+01 2.8728178414e-02 1.1122376637e-01 1.6896058810e+00 1.6714000000e+00 0.0000000000e+00 7.3256106147e+02
3.0412806004e-01 4.0770520505e-05 2.7784347534e-03 7.3832728233e+02 2.5869331880e-01 1.1709622314e+01 1.1769768603e+01 2.8725810596e-02 1.1104195009e-01 1.6896037101e+00 1.6714000000e+00 0.0000000000e+00 7.3255367834e+02
3.0217508317e-01 4.1044789312e-05 2.7812111366e-03 7.3831989920e+02 2.5672345947e-01 1.1702239188e+01 1.1766423125e+01 2.8724568761e-02 1.1188914648e-01 1.6896346866e+00 1.6714000000e+00 0.0000000000e+00 7.3256106147e+02
3.0309455966e-01 4.1501903992e-05 2.7800202891e-03 7.3831989920e+02 2.5772181843e-01 1.1702239188e+01 1.1768045393e+01 2.8682685218e-02 1.1129319742e-01 1.6896604690e+00 1.6714000000e+00 0.0000000000e+00 7.3254629522e+02
3.0328135860e-01 4.2141864543e-05 2.7776718140e-03 7.3832728233e+02 2.5797057053e-01 1.1709622314e+01 1.1769083645e+01 2.8646540259e-02 1.1104576851e-01 1.6896932823e+00 1.6714000000e+00 0.0000000000e+00 7.3255367834e+02
3.0256469285e-01 4.2964670966e-05 2.7788162231e-03 7.3831989920e+02 2.5733682956e-01 1.1702239188e+01 1.1769408099e+01 2.8592737358e-02 1.1111016409e-01 1.6897532202e+00 1.6714000000e+00 0.0000000000e+00 7.3254629522e+02
3.0188585485e-01 4.3970323261e-05 2.7780532837e-03 7.3831989920e+02 2.5675625369e-01 1.1702239188e+01 1.1771015948e+01 2.8529862012e-02 1.1111652239e-01 1.6898204511e+00 1.6714000000e+00 0.0000000000e+00 7.3253152897e+02
2.9930662006e-01 4.5158821427e-05 2.7769551184e-03 7.3832728233e+02 2.5422417137e-01 1.1709622314e+01 1.1771938838e+01 2.8486364110e-02 1.1205214656e-01 1.6898979463e+00 1.6714000000e+00 0.0000000000e+00 7.3253891209e+02
3.0001179663e-01 4.6530165465e-05 2.7773857117e-03 7.3832728233e+02 2.5514568602e-01 1.1694856063e+01 1.1765363242e+01 2.8361069098e-02 1.1115637321e-01 1.6899931339e+00 1.6714000000e+00 0.0000000000e+00 7.3252414584e+02
2.9926008716e-01 4.8084355375e-05 2.7738571167e-03 7.3831989920e+02 2.5455618108e-01 1.1702239188e+01 1.1766978301e+01 2.8259361216e-02 1.1101424093e-01 1.6900865540e+00 1.6714000000e+00 0.0000000000e+00 7.3250199646e+02
2.9724565416e-01 4.9821391157e-05 2.7723145639e-03 7.3831989920e+02 2.5270801190e-01 1.1702239188e+01 1.1767324385e+01 2.8147930159e-02 1.1138519095e-01 1.6902021208e+00 1.6714000000e+00 0.0000000000e+00 7.3250199646e+02
2.9816110357e-01 5.1741272810e-05 2.7692952864e-03 7.3832728233e+02 2.5392428342e-01 1.1694856063e+01 1.1767425326e+01 2.7973164246e-02 1.1016340726e-01 1.6903217201e+00 1.6714000000e+00 0.0000000000e+00 7.3249461334e+02
2.9481016188e-01 5.3844000335e-05 2.7658169229e-03 7.3831989920e+02 2.5075989052e-01 1.1702239188e+01 1.1769263898e+01 2.7841660911e-02 1.1102916361e-01 1.6904601495e+00 1.6714000000e+00 0.0000000000e+00 7.3247246396e+02
2.9214680664e-01 5.6129573732e-05 2.7610889371e-03 7.3832728233e+02 2.4833432515e-01 1.1709622314e+01 1.1769790234e+01 2.7683504833e-02 1.1147675544e-01 1.6906025925e+00 1.6714000000e+00 0.0000000000e+00 7.3247984709e+02
2.9072587659e-01 5.8597993001e-05 2.7571900283e-03 7.3831989920e+02 2.4727035093e-01 1.1702239188e+01 1.1769386469e+01 2.7461447416e-02 1.1105839140e-01 1.6907694562e+00 1.6714000000e+00 0.0000000000e+00 7.3245769771e+02
2.8698408648e-01 6.1249258141e-05 2.7512829698e-03 7.3832728233e+02 2.4382392186e-01 1.1709622314e+01 1.1772097460e+01 2.7262514356e-02 1.1181230352e-01 1.6909399387e+00 1.6714000000e+00 0.0000000000e+00 7.3245031459e+02
2.8562956708e-01 6.4083369153e-05 2.7448654175e-03 7.3831989920e+02 2.4292946628e-01 1.1702239188e+01 1.1766141931e+01 2.6979097504e-02 1.1105732836e-01 1.6911303628e+00 1.6714000000e+00 0.0000000000e+00 7.3242816521e+02
2.8314335065e-01 6.7100326037e-05 2.7381773598e-03 7.3832728954e+02 2.4091206010e-01 1.1694863273e+01 1.1767410906e+01 2.6683830771e-02 1.1076170600e-01 1.6913336540e+00 1.6714000000e+00 0.0000000000e+00 7.3240602305e+02
2.7893975737e-01 7.0300128793e-05 2.7264768190e-03 7.3832728954e+02 2.3716786526e-01 1.1709629524e+01 1.1769458570e+01 2.6383871201e-02 1.1124555669e-01 1.6915421478e+00 1.6714000000e+00 0.0000000000e+00 7.3239125680e+02
2.7389171340e-01 7.3682777420e-05 2.7171242332e-03 7.3832728954e+02 2.3262337611e-01 1.1709629524e+01 1.1770648233e+01 2.6052737802e-02 1.1199535592e-01 1.6917749262e+00 1.6714000000e+00 0.0000000000e+00 7.3237649054e+02
2.7035941290e-01 7.7248271919e-05 2.7045052684e-03 7.3832359798e+02 2.2974876606e-01 1.1705937961e+01 1.1772025359e+01 2.5638198893e-02 1.1159232466e-01 1.6920247048e+00 1.6714000000e+00 0.0000000000e+00 7.3234326648e+02
2.6609233466e-01 8.0996612290e-05 2.6889966094e-03 7.3832728954e+02 2.2617111778e-01 1.1709629524e+01 1.1769725343e+01 2.5200259153e-02 1.1142120798e-01 1.6922789537e+00 1.6714000000e+00 0.0000000000e+00 7.3231742554e+02
2.6137169895e-01 8.4927798533e-05 2.6727199554e-03 7.3832728954e+02 2.2225760737e-01 1.1702246398e+01 1.1767944452e+01 2.4689321818e-02 1.1108425988e-01 1.6925664357e+00 1.6714000000e+00 0.0000000000e+00 7.3228789304e+02
2.5572797241e-01 8.9041830648e-05 2.6525497437e-03 7.3831621485e+02 2.1744943295e-01 1.1705937961e+01 1.1766401494e+01 2.4155831862e-02 1.1108712280e-01 1.6928542600e+00 1.6714000000e+00 0.0000000000e+00 7.3223251960e+02
2.5112785640e-01 9.3338708634e-05 2.6380538940e-03 7.3831621485e+02 2.1352324863e-01 1.1698554836e+01 1.1771578334e+01 2.3725387167e-02 1.1111383571e-01 1.6930878035e+00 1.6714000000e+00 0.0000000000e+00 7.3220298710e+02
2.4599571427e-01 9.7818432492e-05 2.6219047011e-03 7.3832359798e+02 2.0898518407e-01 1.1705937961e+01 1.1766098671e+01 2.3339488624e-02 1.1168011133e-01 1.6933012356e+00 1.6714000000e+00 0.0000000000e+00 7.3218083772e+02
2.4356214021e-01 1.0248100222e-04 2.6090621948e-03 7.3832359798e+02 2.0705607675e-01 1.1705937961e+01 1.1771369242e+01 2.3023103720e-02 1.1119260097e-01 1.6934628886e+00 1.6714000000e+00 0.0000000000e+00 7.3215130522e+02
2.3944530284e-01 1.0732641782e-04 2.6001506492e-03 7.3831990641e+02 2.0332850020e-01 1.1702246398e+01 1.1767692099e+01 2.2765962841e-02 1.1196641306e-01 1.6936281660e+00 1.6714000000e+00 0.0000000000e+00 7.3211808116e+02
2.3309332186e-01 1.1235467930e-04 2.5730523257e-03 7.3832728954e+02 1.9795092146e-01 1.1709629524e+01 1.1770756385e+01 2.2145141136e-02 1.1187187699e-01 1.6939716493e+00 1.6714000000e+00 0.0000000000e+00 7.3206639928e+02
2.2605506584e-01 1.1756578664e-04 2.5426676284e-03 7.3832728954e+02 1.9202864360e-01 1.1709629524e+01 1.1771484603e+01 2.1435589783e-02 1.1162704366e-01 1.6943434157e+00 1.6714000000e+00 0.0000000000e+00 7.3199256803e+02
2.1798505610e-01 1.2295973986e-04 2.5082227322e-03 7.3831990641e+02 1.8522300906e-01 1.1702246398e+01 1.1765089259e+01 2.0631211595e-02 1.1138579218e-01 1.6947478981e+00 1.6714000000e+00 0.0000000000e+00 7.3188182115e+02
2.0982041090e-01 1.2853653895e-04 2.4672321312e-03 7.3832359798e+02 1.7840347123e-01 1.1705937961e+01 1.1769811864e+01 1.9777766720e-02 1.1085976401e-01 1.6951432424e+00 1.6714000000e+00 0.0000000000e+00 7.3175261646e+02
2.0060365055e-01 1.3429618391e-04 2.4196705043e-03 7.3831806063e+02 1.7073328259e-01 1.1700400617e+01 1.1771636015e+01 1.8797572671e-02 1.1009905266e-01 1.6955791708e+00 1.6714000000e+00 0.0000000000e+00 7.3158465036e+02
1.8797812473e-01 1.4023867474e-04 2.3685657628e-03 7.3831806063e+02 1.5961209651e-01 1.1707783742e+01 1.1767583948e+01 1.7822643804e-02 1.1166223735e-01 1.6960247366e+00 1.6714000000e+00 0.0000000000e+00 7.3130409159e+02
1.7639015548e-01 1.4636401144e-04 2.3052008623e-03 7.3832544376e+02 1.4983133537e-01 1.1707783742e+01 1.1770186788e+01 1.6672308326e-02 1.1127384192e-01 1.6964953947e+00 1.6714000000e+00 0.0000000000e+00 7.3095708470e+02
1.6375913480e-01 1.5267219402e-04 2.2347049891e-03 7.3831806063e+02 1.3912332193e-01 1.1700400617e+01 1.1765615595e+01 1.5446472787e-02 1.1102719926e-01 1.6969815523e+00 1.6714000000e+00 0.0000000000e+00 7.3040335031e+02
1.4995435260e-01 1.5916322246e-04 2.1521348397e-03 7.3832175220e+02 1.2739923264e-01 1.1696709055e+01 1.1767879562e+01 1.4119093747e-02 1.1082557920e-01 1.6974891540e+00 1.6714000000e+00 0.0000000000e+00 7.2956536558e+02
1.3455326652e-01 1.6583709678e-04 2.0556675988e-03 7.3831990641e+02 1.1421867305e-01 1.1702246398e+01 1.1770100267e+01 1.2698231108e-02 1.1117473850e-01 1.6980227528e+00 1.6714000000e+00 0.0000000000e+00 7.2799829724e+02
1.1894709782e-01 1.7269381697e-04 1.9481137140e-03 7.3160863830e+02 1.0091591985e-01 1.1702239188e+01 1.1765305562e+01 1.1226088872e-02 1.1124200115e-01 1.6985678265e+00 1.6714000000e+00 0.0000000000e+00 7.1824518150e+02
1.0231448410e-01 1.7973338304e-04 1.8209457397e-03 6.9589092386e+02 8.6769019557e-02 1.1689318719e+01 1.1767180183e+01 9.6379340374e-03 1.1107575131e-01 1.6991689509e+00 1.6714000000e+00 0.0000000000e+00 6.7371201544e+02
8.8184318605e-02 1.8695579497e-04 1.7078399658e-03 5.2791784381e+02 7.4722053891e-02 1.1678244031e+01 1.1766754789e+01 8.3048590313e-03 1.1114334522e-01 1.6998064480e+00 1.6714000000e+00 0.0000000000e+00 4.6376177271e+02
8.3103186827e-02 1.9436105278e-04 1.6769409180e-03 2.2145488238e+02 7.0397434432e-02 1.1696701844e+01 1.1771340401e+01 7.8196817148e-03 1.1107907238e-01 1.7006743979e+00 1.6714000000e+00 0.0000000000e+00 9.2349962676e+01
8.4106322893e-02 2.0194915645e-04 1.7127990723e-03 1.2595807164e+02 7.1241344492e-02 1.1689318719e+01 1.1767497427e+01 7.9203244979e-03 1.1117595484e-01 1.7016282339e+00 1.6714000000e+00 0.0000000000e+00 3.6437554741e+01
8.6404446852e-02 2.0972010600e-04 1.7619848251e-03 8.5972571892e+01 7.3204843384e-02 1.1691171711e+01 1.1769162956e+01 8.1346459514e-03 1.1112169052e-01 1.7026380430e+00 1.6714000000e+00 0.0000000000e+00 2.3326977191e+01
8.9295236119e-02 2.1767390143e-04 1.8203735352e-03 6.4889170743e+01 7.5668954022e-02 1.1685634367e+01 1.1766185192e+01 8.4088689164e-03 1.1112706691e-01 1.7036899964e+00 1.6714000000e+00 0.0000000000e+00 1.7843160871e+01
9.2396202756e-02 2.2581054272e-04 1.8804550171e-03 5.2723027585e+01 7.8315228197e-02 1.1683788585e+01 1.1770309360e+01 8.7022811594e-03 1.1111863375e-01 1.7047150680e+00 1.6714000000e+00 0.0000000000e+00 1.5080026226e+01
9.6074772795e-02 2.3413002988e-04 1.9508361816e-03 4.3935493413e+01 8.1454857482e-02 1.1665330772e+01 1.1766704318e+01 9.0514135111e-03 1.1112183841e-01 1.7058552053e+00 1.6714000000e+00 0.0000000000e+00 1.3215787086e+01
9.9846977933e-02 2.4263236292e-04 2.0196914673e-03 3.8084590121e+01 8.4677262162e-02 1.1681942804e+01 1.1771809057e+01 9.4090344080e-03 1.1111642214e-01 1.7069542987e+00 1.6714000000e+00 0.0000000000e+00 1.2065865320e+01
1.0388602132e-01 2.5131754183e-04 2.0958983265e-03 3.3685408263e+01 8.8129569055e-02 1.1676405460e+01 1.1766206822e+01 9.7925570744e-03 1.1111545398e-01 1.7080981182e+00 1.6714000000e+00 0.0000000000e+00 1.1661639209e+01
1.0828835265e-01 2.6018556661e-04 2.1781921387e-03 3.0230350763e+01 9.1890013281e-02 1.1676405460e+01 1.1766430335e+01 1.0213830493e-02 1.1115278069e-01 1.7092926639e+00 1.6714000000e+00 0.0000000000e+00 1.1513976703e+01
1.1266263407e-01 2.6923643726e-04 2.2590637207e-03 2.7657735359e+01 9.5650442161e-02 1.1670868116e+01 1.1770770805e+01 1.0620031493e-02 1.1102961213e-01 1.7104426591e+00 1.6714000000e+00 0.0000000000e+00 1.1375543104e+01
1.1763171345e-01 2.7847015378e-04 2.3525238037e-03 2.5411866510e+01 9.9890418769e-02 1.1654256084e+01 1.1767410906e+01 1.1102764708e-02 1.1114944601e-01 1.7117088423e+00 1.6714000000e+00 0.0000000000e+00 1.1255567318e+01
1.2273854474e-01 2.8788671618e-04 2.4467468262e-03 2.3617868002e+01 1.0428096667e-01 1.1650564521e+01 1.1765521864e+01 1.1581683885e-02 1.1106229885e-01 1.7129645413e+00 1.6714000000e+00 0.0000000000e+00 1.1148512001e+01
1.2782847922e-01 2.9748612445e-04 2.5400161743e-03 2.2199226431e+01 1.0863735249e-01 1.1663484991e+01 1.1768679881e+01 1.2073151294e-02 1.1113259867e-01 1.7141754149e+00 1.6714000000e+00 0.0000000000e+00 1.1072834966e+01
1.3383265882e-01 3.0726837858e-04 2.6512145996e-03 2.0853255290e+01 1.1378999161e-01 1.1649641631e+01 1.1769184587e+01 1.2648128676e-02 1.1115326135e-01 1.7155663806e+00 1.6714000000e+00 0.0000000000e+00 1.0985160353e+01
1.3976738473e-01 3.1723347859e-04 2.7610778809e-03 1.9777756003e+01 1.1890475659e-01 1.1641335615e+01 1.1765291142e+01 1.3207098826e-02 1.1107292261e-01 1.7168989214e+00 1.6714000000e+00 0.0000000000e+00 1.0903023084e+01
1.4578511055e-01 3.2738142448e-04 2.8739929199e-03 1.8876171136e+01 1.2406679887e-01 1.1628415145e+01 1.1765074839e+01 1.3791988838e-02 1.1116583134e-01 1.7182167878e+00 1.6714000000e+00 0.0000000000e+00 1.0816271362e+01
1.5286161725e-01 3.3771221623e-04 3.0036926270e-03 1.8007384938e+01 1.3017212689e-01 1.1623800692e+01 1.1769689292e+01 1.4463290653e-02 1.1110896778e-01 1.7197089264e+00 1.6714000000e+00 0.0000000000e+00 1.0730442530e+01
1.5986903520e-01 3.4822585386e-04 3.1328201294e-03 1.7296066960e+01 1.3619730306e-01 1.1619186239e+01 1.1767713730e+01 1.5145163031e-02 1.1120016836e-01 1.7211364171e+00 1.6714000000e+00 0.0000000000e+00 1.0666763074e+01
1.6694637976e-01 3.5892233735e-04 3.2630920410e-03 1.6692842550e+01 1.4232593063e-01 1.1610880223e+01 1.1766444755e+01 1.5813259379e-02 1.1110596158e-01 1.7225461515e+00 1.6714000000e+00 0.0000000000e+00 1.0584625805e+01
1.7537633300e-01 3.6980166672e-04 3.4183502197e-03 1.6091730695e+01 1.4960716366e-01 1.1598882644e+01 1.1767829091e+01 1.6626598243e-02 1.1113504083e-01 1.7241656980e+00 1.6714000000e+00 0.0000000000e+00 1.0513563224e+01
1.8369151552e-01 3.8086384196e-04 3.5713195801e-03 1.5596196089e+01 1.5680324486e-01 1.1583193503e+01 1.1767569528e+01 1.7427654093e-02 1.1114345311e-01 1.7257089338e+00 1.6714000000e+00 0.0000000000e+00 1.0438809081e+01
1.9187914090e-01 3.9210886308e-04 3.7216186523e-03 1.5178241980e+01 1.6389875008e-01 1.1583193503e+01 1.1767324385e+01 1.8217407010e-02 1.1115037181e-01 1.7271886785e+00 1.6714000000e+00 0.0000000000e+00 1.0357594702e+01
2.0201462846e-01 4.0353673006e-04 3.9077758789e-03 1.4747623360e+01 1.7268463818e-01 1.1571199529e+01 1.1768268906e+01 1.9203138392e-02 1.1120351291e-01 1.7289610958e+00 1.6714000000e+00 0.0000000000e+00 1.0279152601e+01
2.1201702864e-01 4.1514744292e-04 4.0878295898e-03 1.4386527968e+01 1.8142302848e-01 1.1547204372e+01 1.1769098066e+01 2.0145621117e-02 1.1104224908e-01 1.7306396157e+00 1.6714000000e+00 0.0000000000e+00 1.0196092441e+01
2.2181309400e-01 4.2694100165e-04 4.2678833008e-03 1.4081909158e+01 1.8992710673e-01 1.1541667028e+01 1.1770093057e+01 2.1111038036e-02 1.1115337036e-01 1.7322485977e+00 1.6714000000e+00 0.0000000000e+00 1.0116723844e+01
2.3341666188e-01 4.3891740625e-04 4.4784545898e-03 1.3778818886e+01 2.0006838683e-01 1.1504751402e+01 1.1765060419e+01 2.2226872484e-02 1.1109637477e-01 1.7340970037e+00 1.6714000000e+00 0.0000000000e+00 1.0028126341e+01
2.4550807444e-01 4.5107665672e-04 4.6951293945e-03 1.3513199417e+01 2.1065450377e-01 1.1501059839e+01 1.1767461377e+01 2.3392938817e-02 1.1104884253e-01 1.7359440529e+00 1.6714000000e+00 0.0000000000e+00 9.9542950876e+00
2.5732580899e-01 4.6341875306e-04 4.9087524414e-03 1.3292037322e+01 2.2100127450e-01 1.1486293588e+01 1.1769516250e+01 2.4547401309e-02 1.1107357351e-01 1.7377081144e+00 1.6714000000e+00 0.0000000000e+00 9.8804638345e+00
2.7008165290e-01 4.7594369528e-04 5.1376342773e-03 1.3086398536e+01 2.3221431721e-01 1.1454915306e+01 1.1771585544e+01 2.5783082892e-02 1.1103140927e-01 1.7395682688e+00 1.6714000000e+00 0.0000000000e+00 9.8084783628e+00
2.8459666369e-01 4.8865148336e-04 5.4000854492e-03 1.2888265447e+01 2.4496501823e-01 1.1420768351e+01 1.1768751982e+01 2.7215373631e-02 1.1109902070e-01 1.7416249403e+00 1.6714000000e+00 0.0000000000e+00 9.7521820323e+00
2.9879076007e-01 5.0154211732e-04 5.6564331055e-03 1.2728987497e+01 2.5746022893e-01 1.1382929834e+01 1.1765132520e+01 2.8621675691e-02 1.1116930879e-01 1.7435841629e+00 1.6714000000e+00 0.0000000000e+00 9.7106519525e+00
3.1267253012e-01 5.1461559715e-04 5.9036254883e-03 1.2587842906e+01 2.6973966782e-01 1.1356166005e+01 1.1766141931e+01 2.9981777494e-02 1.1115079119e-01 1.7454566086e+00 1.6714000000e+00 0.0000000000e+00 9.6801965606e+00
3.2943218001e-01 5.2787192285e-04 6.2026977539e-03 1.2448313374e+01 2.8458594053e-01 1.1320173269e+01 1.1765940049e+01 3.1638333083e-02 1.1117321195e-01 1.7476758430e+00 1.6714000000e+00 0.0000000000e+00 9.6515869501e+00
3.4642710873e-01 5.4131109443e-04 6.5048217773e-03 1.2334523839e+01 2.9969278606e-01 1.1282334752e+01 1.1771686485e+01 3.3317388721e-02 1.1117180750e-01 1.7498672777e+00 1.6714000000e+00 0.0000000000e+00 9.6543556221e+00
3.6300730941e-01 5.5493311187e-04 6.7962646484e-03 1.2233914336e+01 3.1452672822e-01 1.1233421547e+01 1.1769732553e+01 3.4927667393e-02 1.1104832836e-01 1.7519621168e+00 1.6714000000e+00 0.0000000000e+00 9.6497411687e+00
3.7973565300e-01 5.6873797519e-04 7.0953369141e-03 1.2147905253e+01 3.2947340605e-01 1.1183585451e+01 1.1767432536e+01 3.6594543220e-02 1.1106979364e-01 1.7540778327e+00 1.6714000000e+00 0.0000000000e+00 9.6515869501e+00
3.9968237696e-01 5.8272568438e-04 7.4554443359e-03 1.2061333782e+01 3.4730760355e-01 1.1122674667e+01 1.1767764200e+01 3.8614705802e-02 1.1118301300e-01 1.7565748909e+00 1.6714000000e+00 0.0000000000e+00 9.6608158567e+00
4.1911607447e-01 5.9689623944e-04 7.8033447266e-03 1.1996875638e+01 3.6478347823e-01 1.1058072321e+01 1.1767648839e+01 4.0563377312e-02 1.1119850468e-01 1.7589641861e+00 1.6714000000e+00 0.0000000000e+00 9.6737363260e+00
4.3800808008e-01 6.1124964037e-04 8.1390380859e-03 1.1936837274e+01 3.8188038806e-01 1.0980549505e+01 1.1767100873e+01 4.2431812765e-02 1.1111283557e-01 1.7612649373e+00 1.6714000000e+00 0.0000000000e+00 9.7032688272e+00
4.5781761426e-01 6.2578588718e-04 8.4930419922e-03 1.1888255733e+01 3.9985928124e-01 1.0921484503e+01 1.1766488015e+01 4.4401788737e-02 1.1104353662e-01 1.7636834499e+00 1.6714000000e+00 0.0000000000e+00 9.7272639844e+00
4.8023269729e-01 6.4050497985e-04 8.9019775391e-03 1.1847338510e+01 4.2021167623e-01 1.0831964108e+01 1.1768968284e+01 4.6678916725e-02 1.1108429243e-01 1.7664323165e+00 1.6714000000e+00 0.0000000000e+00 9.7595651577e+00
5.0194708690e-01 6.5540691840e-04 9.2987060547e-03 1.1802854098e+01 4.4001974135e-01 1.0757211767e+01 1.1771563914e+01 4.8881800555e-02 1.1109001702e-01 1.7690868181e+00 1.6714000000e+00 0.0000000000e+00 9.7937139147e+00
5.2295060747e-01 6.7049170282e-04 9.6832275391e-03 1.1781259899e+01 4.5928707258e-01 1.0664922701e+01 1.1764714335e+01 5.0997538305e-02 1.1103630246e-01 1.7716633544e+00 1.6714000000e+00 0.0000000000e+00 9.8324753226e+00
5.4457814651e-01 6.8575933311e-04 1.0092163086e-02 1.1753313616e+01 4.7908997951e-01 1.0574479416e+01 1.1767713730e+01 5.3251631602e-02 1.1115162888e-01 1.7743896674e+00 1.6714000000e+00 0.0000000000e+00 9.8712367304e+00
5.6920169995e-01 7.0120980928e-04 1.0549926758e-02 1.1727905282e+01 5.0188575370e-01 1.0476191560e+01 1.1764714335e+01 5.5729726309e-02 1.1104066194e-01 1.7774547723e+00 1.6714000000e+00 0.0000000000e+00 9.9113824743e+00
5.9274608555e-01 7.1684313131e-04 1.1001586914e-02 1.1717126208e+01 5.2367224483e-01 1.0374673587e+01 1.1768002133e+01 5.8171436383e-02 1.1108367296e-01 1.7804573183e+00 1.6714000000e+00 0.0000000000e+00 9.9446065381e+00
6.1541049459e-01 7.3265929922e-04 1.1441040039e-02 1.1698711655e+01 5.4474988675e-01 1.0270848388e+01 1.1764901797e+01 6.0518469229e-02 1.1109404646e-01 1.7833903110e+00 1.6714000000e+00 0.0000000000e+00 9.9939811886e+00
6.3775911084e-01 7.4865831300e-04 1.1880493164e-02 1.1694911941e+01 5.6562682526e-01 1.0171176196e+01 1.1767209024e+01 6.2835304121e-02 1.1108968195e-01 1.7863407332e+00 1.6714000000e+00 0.0000000000e+00 1.0027205252e+01
6.6376616051e-01 7.6484017265e-04 1.2399291992e-02 1.1682676430e+01 5.9004109855e-01 1.0052584746e+01 1.1767562318e+01 6.5532478845e-02 1.1106426147e-01 1.7898293017e+00 1.6714000000e+00 0.0000000000e+00 1.0076579903e+01
6.8869134830e-01 7.8120487817e-04 1.2905883789e-02 1.1681724699e+01 6.1354304821e-01 9.9376848582e+00 1.1766206822e+01 6.8130222461e-02 1.1104391560e-01 1.7932408484e+00 1.6714000000e+00 0.0000000000e+00 1.0117187092e+01
7.1236995948e-01 7.9775242956e-04 1.3406372070e-02 1.1672740935e+01 6.3586108774e-01 9.8232464159e+00 1.1764548503e+01 7.0674806485e-02 1.1114818605e-01 1.7966126973e+00 1.6714000000e+00 0.0000000000e+00 1.0157332836e+01
7.3529170900e-01 8.1448282683e-04 1.3888549805e-02 1.1670772582e+01 6.5768807405e-01 9.7069621924e+00 1.1769429729e+01 7.3065356080e-02 1.1109423899e-01 1.7999030059e+00 1.6714000000e+00 0.0000000000e+00 1.0189172564e+01
7.6045873415e-01 8.3139606996e-04 1.4447021484e-02 1.1674666027e+01 6.8158845788e-01 9.6008297661e+00 1.1770439141e+01 7.5809020356e-02 1.1122403773e-01 1.8037112326e+00 1.6714000000e+00 0.0000000000e+00 1.0233932761e+01
7.8622301781e-01 8.4849215897e-04 1.5008544922e-02 1.1676230615e+01 7.0640413076e-01 9.4826997612e+00 1.1778903779e+01 7.8481398739e-02 1.1109985817e-01 1.8075869764e+00 1.6714000000e+00 0.0000000000e+00 1.0262080926e+01
8.1035762732e-01 8.6577109385e-04 1.5570068359e-02 1.1675502397e+01 7.2953753023e-01 9.3654926470e+00 1.1779019140e+01 8.1135648385e-02 1.1121518088e-01 1.8114541975e+00 1.6714000000e+00 0.0000000000e+00 1.0309148350e+01
8.3386896263e-01 8.8323287460e-04 1.6107177734e-02 1.1678847876e+01 7.5240084201e-01 9.2492084235e+00 1.1765456974e+01 8.3587009292e-02 1.1109372109e-01 1.8152131373e+00 1.6714000000e+00 0.0000000000e+00 1.0343756750e+01
8.5684198361e-01 9.0087750123e-04 1.6656494141e-02 1.1677059775e+01 7.7473656791e-01 9.1403073252e+00 1.1766077041e+01 8.6057277078e-02 1.1107940511e-01 1.8190751044e+00 1.6714000000e+00 0.0000000000e+00 1.0374673587e+01
8.8213756872e-01 9.1870497372e-04 1.7291259766e-02 1.1678934397e+01 7.9933337641e-01 9.0258688830e+00 1.1769054805e+01 8.8861098211e-02 1.1116900762e-01 1.8235478704e+00 1.6714000000e+00 0.0000000000e+00 1.0407897651e+01
9.0664337313e-01 9.3671529209e-04 1.7901611328e-02 1.1683397438e+01 8.2346820823e-01 8.9077388781e+00 1.1765038789e+01 9.1464265680e-02 1.1107200590e-01 1.8279039052e+00 1.6714000000e+00 0.0000000000e+00 1.0440198824e+01
9.2947427412e-01 9.5490845633e-04 1.8511962891e-02 1.1686735707e+01 8.4584770547e-01 8.8016064518e+00 1.1767252284e+01 9.4036369699e-02 1.1117411455e-01 1.8322643310e+00 1.6714000000e+00 0.0000000000e+00 1.0471115661e+01
9.5171353659e-01 9.7328446644e-04 1.9097900391e-02 1.1691220379e+01 8.6795472275e-01 8.7083944949e+00 1.1770763595e+01 9.6413617518e-02 1.1108139053e-01 1.8365163759e+00 1.6714000000e+00 0.0000000000e+00 1.0500648163e+01
9.7417458535e-01 9.9184332243e-04 1.9720458984e-02 1.1692144171e+01 8.9028484820e-01 8.5994942979e+00 1.1768578940e+01 9.8888278021e-02 1.1107487477e-01 1.8410596281e+00 1.6714000000e+00 0.0000000000e+00 1.0520029768e+01
9.9752603968e-01 1.0105850243e-03 2.0404052734e-02 1.1692403734e+01 9.1349211783e-01 8.4869016370e+00 1.1766697108e+01 1.0154861171e-01 1.1116528509e-01 1.8460666641e+00 1.6714000000e+00 0.0000000000e+00 1.0553253832e+01
1.0201342134e+00 1.0295095720e-03 2.1063232422e-02 1.1694876792e+01 9.3624393917e-01 8.3770776481e+00 1.1765723747e+01 1.0401620500e-01 1.1109946954e-01 1.8509592211e+00 1.6714000000e+00 0.0000000000e+00 1.0576326098e+01
1.0415993157e+00 1.0486169656e-03 2.1710205078e-02 1.1696044826e+01 9.5793675836e-01 8.2838656911e+00 1.1771736956e+01 1.0637224546e-01 1.1104307725e-01 1.8558019430e+00 1.6714000000e+00 0.0000000000e+00 1.0602167037e+01
1.0615077916e+00 1.0679072051e-03 2.2357177734e-02 1.1697429162e+01 9.7796077457e-01 8.1897308435e+00 1.1770330990e+01 1.0868935547e-01 1.1113876783e-01 1.8606613564e+00 1.6714000000e+00 0.0000000000e+00 1.0609550162e+01
1.0819919548e+00 1.0873802904e-03 2.3028564453e-02 1.1694451397e+01 9.9876462895e-01 8.0845213079e+00 1.1769970486e+01 1.1100686315e-01 1.1114416744e-01 1.8657675913e+00 1.6714000000e+00 0.0000000000e+00 1.0636313991e+01
1.1034358851e+00 1.1070362216e-03 2.3748779297e-02 1.1696268338e+01 1.0206889378e+00 7.9940780229e+00 1.1771462973e+01 1.1340993010e-01 1.1111115826e-01 1.8712959801e+00 1.6714000000e+00 0.0000000000e+00 1.0654771805e+01
1.1237024340e+00 1.1268749987e-03 2.4456787109e-02 1.1695020994e+01 1.0414855913e+00 7.8944058313e+00 1.1767389276e+01 1.1570172412e-01 1.1109296671e-01 1.8767752603e+00 1.6714000000e+00 0.0000000000e+00 1.0677844071e+01
1.1428952688e+00 1.1468966217e-03 2.5152587891e-02 1.1692749818e+01 1.0612570587e+00 7.8076541089e+00 1.1769429729e+01 1.1788595458e-01 1.1108143273e-01 1.8822079879e+00 1.6714000000e+00 0.0000000000e+00 1.0690764541e+01
1.1611095538e+00 1.1671010905e-03 2.5836181641e-02 1.1696268338e+01 1.0801001332e+00 7.7079819173e+00 1.1771477393e+01 1.1996520464e-01 1.1106859536e-01 1.8875952561e+00 1.6714000000e+00 0.0000000000e+00 1.0708299463e+01
1.1786852402e+00 1.1874884052e-03 2.6531982422e-02 1.1693225683e+01 1.0982896898e+00 7.6212301950e+00 1.1759198621e+01 1.2202536485e-01 1.1110489881e-01 1.8931198954e+00 1.6714000000e+00 0.0000000000e+00 1.0717528370e+01
1.1971932665e+00 1.2080585658e-03 2.7307128906e-02 1.1690204658e+01 1.1174480295e+00 7.5289411287e+00 1.1758996739e+01 1.2425606544e-01 1.1119628131e-01 1.8993172045e+00 1.6714000000e+00 0.0000000000e+00 1.0728603058e+01
1.2158664965e+00 1.2288115722e-03 2.8039550781e-02 1.1686123751e+01 1.1372628648e+00 7.4403436250e+00 1.1758181999e+01 1.2623126506e-01 1.1099568003e-01 1.9052894578e+00 1.6714000000e+00 0.0000000000e+00 1.0741523527e+01
1.2320648439e+00 1.2497474245e-03 2.8796386719e-02 1.1684753835e+01 1.1540500458e+00 7.3665123720e+00 1.1750279748e+01 1.2828435147e-01 1.1116012857e-01 1.9114347134e+00 1.6714000000e+00 0.0000000000e+00 1.0747983762e+01
1.2478696110e+00 1.2708661227e-03 2.9528808594e-02 1.1676952525e+01 1.1706539761e+00 7.2797606496e+00 1.1756292958e+01 1.3017975371e-01 1.1120258963e-01 1.9174648119e+00 1.6714000000e+00 0.0000000000e+00 1.0761827122e+01
1.2633545459e+00 1.2921676668e-03 3.0236816406e-02 1.1676361298e+01 1.1871483432e+00 7.2096209592e+00 1.1748909832e+01 1.3192475867e-01 1.1112744201e-01 1.9233766376e+00 1.6714000000e+00 0.0000000000e+00 1.0770133138e+01
1.2791035738e+00 1.3136520567e-03 3.1018066406e-02 1.1670081316e+01 1.2038470864e+00 7.1154861116e+00 1.1744929866e+01 1.3380715553e-01 1.1114962775e-01 1.9299359349e+00 1.6714000000e+00 0.0000000000e+00 1.0771978919e+01
1.2950838155e+00 1.3353192925e-03 3.1799316406e-02 1.1667896660e+01 1.2210379244e+00 7.0342717332e+00 1.1743257127e+01 1.3559264130e-01 1.1104703514e-01 1.9365874030e+00 1.6714000000e+00 0.0000000000e+00 1.0784899388e+01
1.3096954740e+00 1.3571693742e-03 3.2580566406e-02 1.1662575619e+01 1.2366662398e+00 6.9604404802e+00 1.1741555547e+01 1.3733964586e-01 1.1105635574e-01 1.9432738193e+00 1.6714000000e+00 0.0000000000e+00 1.0785822279e+01
1.3230344194e+00 1.3792023017e-03 3.3361816406e-02 1.1657571821e+01 1.2508372636e+00 6.8921465711e+00 1.1727337263e+01 1.3904765878e-01 1.1116366840e-01 1.9499985329e+00 1.6714000000e+00 0.0000000000e+00 1.0795051185e+01
1.3361249540e+00 1.4014180752e-03 3.4118652344e-02 1.1650664561e+01 1.2649419612e+00 6.8220068807e+00 1.1724993986e+01 1.4061890991e-01 1.1116629397e-01 1.9566031272e+00 1.6714000000e+00 0.0000000000e+00 1.0795051185e+01
1.3491603019e+00 1.4238166944e-03 3.4851074219e-02 1.1648184293e+01 1.2792142837e+00 6.7500214090e+00 1.1726255751e+01 1.4205526845e-01 1.1104884480e-01 1.9630892454e+00 1.6714000000e+00 0.0000000000e+00 1.0801511420e+01
1.3625113169e+00 1.4463981596e-03 3.5681152344e-02 1.1640887688e+01 1.2937204021e+00 6.6761901559e+00 1.1718180457e+01 1.4365176874e-01 1.1103772385e-01 1.9704753811e+00 1.6714000000e+00 0.0000000000e+00 1.0806125873e+01
1.3746207199e+00 1.4691624706e-03 3.6511230469e-02 1.1634924949e+01 1.3067824320e+00 6.5949757776e+00 1.1711359718e+01 1.4520975670e-01 1.1112007105e-01 1.9779062435e+00 1.6714000000e+00 0.0000000000e+00 1.0807971655e+01
1.3864776187e+00 1.4921096275e-03 3.7316894531e-02 1.1627419253e+01 1.3197446305e+00 6.5266818685e+00 1.1704805753e+01 1.4664150652e-01 1.1111354661e-01 1.9852155682e+00 1.6714000000e+00 0.0000000000e+00 1.0807971655e+01
1.3972474660e+00 1.5152396303e-03 3.8122558594e-02 1.1619466531e+01 1.3314324997e+00 6.4657710847e+00 1.1685691822e+01 1.4803917462e-01 1.1118789323e-01 1.9925713455e+00 1.6714000000e+00 0.0000000000e+00 1.0803357201e+01
1.4078885620e+00 1.5385524790e-03 3.8903808594e-02 1.1612545301e+01 1.3431533176e+00 6.4030149703e+00 1.1682411234e+01 1.4931911988e-01 1.1117056997e-01 1.9998019320e+00 1.6714000000e+00 0.0000000000e+00 1.0807049215e+01
1.4178633960e+00 1.5620481735e-03 3.9685058594e-02 1.1607123319e+01 1.3541261669e+00 6.3384126239e+00 1.1679282058e+01 1.5055796738e-01 1.1118459347e-01 2.0070920612e+00 1.6714000000e+00 0.0000000000e+00 1.0809817887e+01
1.4285184643e+00 1.5857267139e-03 4.0539550781e-02 1.1598413538e+01 1.3659274593e+00 6.2682729335e+00 1.1657723909e+01 1.5184993971e-01 1.1116984191e-01 2.0151535716e+00 1.6714000000e+00 0.0000000000e+00 1.0806126324e+01
1.4389735487e+00 1.6095881001e-03 4.1369628906e-02 1.1593402530e+01 1.3776582893e+00 6.2092079310e+00 1.1652078414e+01 1.5303144667e-01 1.1108084483e-01 2.0230890159e+00 1.6714000000e+00 0.0000000000e+00 1.0808894996e+01
1.4484334097e+00 1.6336323323e-03 4.2199707031e-02 1.1585320027e+01 1.3881998975e+00 6.1482971473e+00 1.1634464180e+01 1.5418358459e-01 1.1106727847e-01 2.0310773351e+00 1.6714000000e+00 0.0000000000e+00 1.0803357652e+01
1.4569693285e+00 1.6578594103e-03 4.3029785156e-02 1.1578722801e+01 1.3976358606e+00 6.0947694888e+00 1.1618479425e+01 1.5530604220e-01 1.1112053331e-01 2.0391209582e+00 1.6714000000e+00 0.0000000000e+00 1.0803357652e+01
1.4654721185e+00 1.6822693342e-03 4.3835449219e-02 1.1571736230e+01 1.4071858134e+00 6.0264755797e+00 1.1605587796e+01 1.5632758664e-01 1.1109235551e-01 2.0470344963e+00 1.6714000000e+00 0.0000000000e+00 1.0804280543e+01
1.4731588756e+00 1.7068621039e-03 4.4641113281e-02 1.1564663138e+01 1.4157535119e+00 5.9821768279e+00 1.1580943732e+01 1.5732279577e-01 1.1112301290e-01 2.0550028549e+00 1.6714000000e+00 0.0000000000e+00 1.0802434761e+01
1.4816672801e+00 1.7316377195e-03 4.5495605469e-02 1.1556472484e+01 1.4254154275e+00 5.9120371375e+00 1.1567814170e+01 1.5830414698e-01 1.1105825286e-01 2.0635759358e+00 1.6714000000e+00 0.0000000000e+00 1.0799666089e+01
1.4891538062e+00 1.7565961810e-03 4.6374511719e-02 1.1548873056e+01 1.4337769922e+00 5.8585094790e+00 1.1545109618e+01 1.5929933759e-01 1.1110468257e-01 2.0724387251e+00 1.6714000000e+00 0.0000000000e+00 1.0797358863e+01
1.4966013194e+00 1.7817374884e-03 4.7229003906e-02 1.1542607493e+01 1.4422268060e+00 5.8031360392e+00 1.1527992880e+01 1.6020168432e-01 1.1107939726e-01 2.0811721498e+00 1.6714000000e+00 0.0000000000e+00 1.0795051636e+01
1.5032632100e+00 1.8070616416e-03 4.8083496094e-02 1.1534481730e+01 1.4497194781e+00 5.7440710368e+00 1.1499981706e+01 1.6107823959e-01 1.1110993680e-01 2.0899707998e+00 1.6714000000e+00 0.0000000000e+00 1.0790437183e+01
1.5103514414e+00 1.8325686407e-03 4.8901367188e-02 1.1526492957e+01 1.4579234528e+00 5.6997722850e+00 1.1481213859e+01 1.6183851992e-01 1.1100618459e-01 2.0985336108e+00 1.6714000000e+00 0.0000000000e+00 1.0783054057e+01
1.5163539807e+00 1.8582584857e-03 4.9731445313e-02 1.1519153092e+01 1.4647353576e+00 5.6499361892e+00 1.1451219913e+01 1.6260690266e-01 1.1101452683e-01 2.1072606180e+00 1.6714000000e+00 0.0000000000e+00 1.0779362495e+01
1.5212334529e+00 1.8841311766e-03 5.0610351562e-02 1.1511495984e+01 1.4700508761e+00 5.5945627494e+00 1.1414325917e+01 1.6342558683e-01 1.1117002105e-01 2.1165281217e+00 1.6714000000e+00 0.0000000000e+00 1.0775670932e+01
1.5277588326e+00 1.9101867133e-03 5.1489257813e-02 1.1503939817e+01 1.4776512702e+00 5.5465724349e+00 1.1381772390e+01 1.6412731331e-01 1.1107310407e-01 2.1260060894e+00 1.6714000000e+00 0.0000000000e+00 1.0777055268e+01
1.5335614134e+00 1.9364250959e-03 5.2368164063e-02 1.1496715313e+01 1.4843585761e+00 5.4948905578e+00 1.1344640461e+01 1.6480677825e-01 1.1102895278e-01 2.1355581355e+00 1.6714000000e+00 0.0000000000e+00 1.0773825151e+01
1.5386924727e+00 1.9628463244e-03 5.3247070313e-02 1.1489108675e+01 1.4902356293e+00 5.4487460246e+00 1.1316528347e+01 1.6546382857e-01 1.1103199073e-01 2.1451866438e+00 1.6714000000e+00 0.0000000000e+00 1.0765980580e+01
1.5431988889e+00 1.9894503987e-03 5.4125976563e-02 1.1482215836e+01 1.4953398401e+00 5.3970641475e+00 1.1268278469e+01 1.6609823074e-01 1.1107724565e-01 2.1548938412e+00 1.6714000000e+00 0.0000000000e+00 1.0762289018e+01
1.5471235601e+00 2.0162373189e-03 5.5004882812e-02 1.1473873769e+01 1.4997245490e+00 5.3527653956e+00 1.1229365649e+01 1.6670988959e-01 1.1116033921e-01 2.1646818484e+00 1.6714000000e+00 0.0000000000e+00 1.0759058900e+01
1.5519174346e+00 2.0432070850e-03 5.5834960938e-02 1.1468725770e+01 1.5053891264e+00 5.3121582065e+00 1.1189263166e+01 1.6720320282e-01 1.1106975591e-01 2.1741058051e+00 1.6714000000e+00 0.0000000000e+00 1.0757213119e+01
1.5561927382e+00 2.0703596970e-03 5.6713867188e-02 1.1461429165e+01 1.5103658244e+00 5.2697052360e+00 1.1139340549e+01 1.6771529412e-01 1.1104282910e-01 2.1841497899e+00 1.6714000000e+00 0.0000000000e+00 1.0753521556e+01
1.5600045774e+00 2.0976951548e-03 5.7641601562e-02 1.1455675519e+01 1.5147339337e+00 5.2217149215e+00 1.1081854555e+01 1.6823850571e-01 1.1106802453e-01 2.1948350666e+00 1.6714000000e+00 0.0000000000e+00 1.0743369759e+01
1.5632508229e+00 2.1252134585e-03 5.8569335938e-02 1.1448133772e+01 1.5183961498e+00 5.1755703883e+00 1.1037800946e+01 1.6873940760e-01 1.1113002863e-01 2.2056156520e+00 1.6714000000e+00 0.0000000000e+00 1.0741062532e+01
1.5673223507e+00 2.1529146081e-03 5.9448242188e-02 1.1442041251e+01 1.5232676240e+00 5.1294258552e+00 1.0975073221e+01 1.6913361587e-01 1.1103342131e-01 2.2160235148e+00 1.6714000000e+00 0.0000000000e+00 1.0738755306e+01
1.5695372769e+00 2.1807986035e-03 6.0375976562e-02 1.1434405773e+01 1.5256413741e+00 5.0906644473e+00 1.0921509513e+01 1.6959235764e-01 1.1116135189e-01 2.2269958891e+00 1.6714000000e+00 0.0000000000e+00 1.0733679407e+01
1.5726195744e+00 2.2088654448e-03 6.1254882812e-02 1.1427967169e+01 1.5292718931e+00 5.0537488208e+00 1.0862891535e+01 1.6994952196e-01 1.1113100471e-01 2.2375879661e+00 1.6714000000e+00 0.0000000000e+00 1.0731372180e+01
1.5752484639e+00 2.2371151320e-03 6.2133789062e-02 1.1423331085e+01 1.5323329947e+00 5.0149874129e+00 1.0795787290e+01 1.7028916235e-01 1.1113065041e-01 2.2482723705e+00 1.6714000000e+00 0.0000000000e+00 1.0724911946e+01
1.5783464912e+00 2.2655476651e-03 6.3012695313e-02 1.1418312867e+01 1.5360747846e+00 4.9669970985e+00 1.0733441700e+01 1.7057521303e-01 1.1104616438e-01 2.2591185948e+00 1.6714000000e+00 0.0000000000e+00 1.0722143274e+01
1.5800714648e+00 2.2941630440e-03 6.3989257813e-02 1.1411160465e+01 1.5379486537e+00 4.9337730346e+00 1.0666532126e+01 1.7092281380e-01 1.1113687924e-01 2.2711882552e+00 1.6714000000e+00 0.0000000000e+00 1.0717990266e+01
1.5826195939e+00 2.3229612688e-03 6.4916992187e-02 1.1406070146e+01 1.5410094442e+00 4.8876285014e+00 1.0592592722e+01 1.7117922975e-01 1.1108253125e-01 2.2828696674e+00 1.6714000000e+00 0.0000000000e+00 1.0715221594e+01
1.5847219681e+00 2.3519423395e-03 6.5844726563e-02 1.1400251609e+01 1.5435068056e+00 4.8470213122e+00 1.0526757452e+01 1.7141847436e-01 1.1105780275e-01 2.2946604292e+00 1.6714000000e+00 0.0000000000e+00 1.0710145695e+01
1.5864070926e+00 2.3811062560e-03 6.6772460938e-02 1.1394411441e+01 1.5454770126e+00 4.8174888110e+00 1.0463806214e+01 1.7164049335e-01 1.1105988116e-01 2.3065630537e+00 1.6714000000e+00 0.0000000000e+00 1.0707377023e+01
1.5877009728e+00 2.4104530184e-03 6.7700195313e-02 1.1390013290e+01 1.5469535814e+00 4.7842647472e+00 1.0402412355e+01 1.7184510307e-01 1.1108614062e-01 2.3185800200e+00 1.6714000000e+00 0.0000000000e+00 1.0703685460e+01
1.5886272807e+00 2.4399826267e-03 6.8627929688e-02 1.1384209173e+01 1.5479669800e+00 4.7399659953e+00 1.0324911169e+01 1.7203226665e-01 1.1113432578e-01 2.3307137851e+00 1.6714000000e+00 0.0000000000e+00 1.0699993898e+01
1.5904289987e+00 2.4696950809e-03 6.9506835938e-02 1.1381685644e+01 1.5502177682e+00 4.7104334941e+00 1.0277432771e+01 1.7214390603e-01 1.1104498320e-01 2.3424238904e+00 1.6714000000e+00 0.0000000000e+00 1.0697225226e+01
1.5914700287e+00 2.4995903809e-03 7.0483398438e-02 1.1375571719e+01 1.5514470157e+00 4.6735180929e+00 1.0203067972e+01 1.7227435883e-01 1.1104108428e-01 2.3555131295e+00 1.6714000000e+00 0.0000000000e+00 1.0693995334e+01
1.5912008430e+00 2.5296685268e-03 7.1508789063e-02 1.1370726543e+01 1.5509226391e+00 4.6384482477e+00 1.0141054045e+01 1.7243027670e-01 1.1117916030e-01 2.3693192291e+00 1.6714000000e+00 0.0000000000e+00 1.0687996544e+01
1.5917728853e+00 2.5599295186e-03 7.2485351562e-02 1.1367164762e+01 1.5515864011e+00 4.6015326212e+00 1.0075550438e+01 1.7251340532e-01 1.1118517486e-01 2.3827126273e+00 1.6714000000e+00 0.0000000000e+00 1.0685227872e+01
1.5931805005e+00 2.5903733562e-03 7.3413085938e-02 1.1363422728e+01 1.5534245317e+00 4.5683085573e+00 1.0020176998e+01 1.7253019422e-01 1.1106441974e-01 2.3956728668e+00 1.6714000000e+00 0.0000000000e+00 1.0683843536e+01
1.5930672253e+00 2.6210000397e-03 7.4389648438e-02 1.1359363451e+01 1.5532199452e+00 4.5443134001e+00 9.9654019956e+00 1.7258135346e-01 1.1111198642e-01 2.4093428414e+00 1.6714000000e+00 0.0000000000e+00 1.0679690529e+01
1.5926431619e+00 2.6518095691e-03 7.5366210938e-02 1.1355470007e+01 1.5526239491e+00 4.5018604296e+00 9.9206634287e+00 1.7261542490e-01 1.1117658272e-01 2.4231595323e+00 1.6714000000e+00 0.0000000000e+00 1.0673230294e+01
1.5930860712e+00 2.6828019444e-03 7.6293945312e-02 1.1352636444e+01 1.5532365369e+00 4.4778652723e+00 9.8633937370e+00 1.7258889847e-01 1.1111565713e-01 2.4365278411e+00 1.6714000000e+00 0.0000000000e+00 1.0674153185e+01
1.5933744584e+00 2.7139771655e-03 7.7221679688e-02 1.1350682511e+01 1.5536652745e+00 4.4391038645e+00 9.8241708838e+00 1.7254372804e-01 1.1105592104e-01 2.4500455201e+00 1.6714000000e+00 0.0000000000e+00 1.0668615841e+01
1.5930338698e+00 2.7453352325e-03 7.8247070313e-02 1.1347192831e+01 1.5532717331e+00 4.4114171446e+00 9.7660287720e+00 1.7249110401e-01 1.1105017901e-01 2.4651158507e+00 1.6714000000e+00 0.0000000000e+00 1.0665847169e+01
1.5923713479e+00 2.7768761454e-03 7.9272460938e-02 1.1344885604e+01 1.5524706495e+00 4.3818846434e+00 9.7217300202e+00 1.7242199565e-01 1.1106296644e-01 2.4803585128e+00 1.6714000000e+00 0.0000000000e+00 1.0663078497e+01
1.5914028021e+00 2.8085999042e-03 8.0297851563e-02 1.1341532915e+01 1.5512828920e+00 4.3505063608e+00 9.6760469324e+00 1.7233642588e-01 1.1109284243e-01 2.4957772454e+00 1.6714000000e+00 0.0000000000e+00 1.0660309825e+01
1.5901425372e+00 2.8405065088e-03 8.1323242188e-02 1.1339016596e+01 1.5497275968e+00 4.3172822969e+00 9.6377469698e+00 1.7223444636e-01 1.1113852958e-01 2.5113757977e+00 1.6714000000e+00 0.0000000000e+00 1.0655233926e+01
1.5897290296e+00 2.8725959593e-03 8.2299804688e-02 1.1337545739e+01 1.5493405135e+00 4.2951329210e+00 9.6017542340e+00 1.7208361342e-01 1.1106894315e-01 2.5265059456e+00 1.6714000000e+00 0.0000000000e+00 1.0656156817e+01
1.5879188570e+00 2.9048682556e-03 8.3325195313e-02 1.1335447605e+01 1.5470925520e+00 4.2674462011e+00 9.5639157168e+00 1.7195055812e-01 1.1114432546e-01 2.5424657367e+00 1.6714000000e+00 0.0000000000e+00 1.0652926699e+01
1.5869698465e+00 2.9373233979e-03 8.4301757813e-02 1.1334005589e+01 1.5460276287e+00 4.2360679186e+00 9.5150025117e+00 1.7177211169e-01 1.1110546054e-01 2.5579454546e+00 1.6714000000e+00 0.0000000000e+00 1.0651080918e+01
1.5857671319e+00 2.9699613860e-03 8.5278320313e-02 1.1332808715e+01 1.5446417560e+00 4.2028438547e+00 9.4790097758e+00 1.7158068694e-01 1.1108121755e-01 2.5736004940e+00 1.6714000000e+00 0.0000000000e+00 1.0652465254e+01
1.5838519954e+00 3.0027822200e-03 8.6352539063e-02 1.1332304009e+01 1.5423409902e+00 4.1806944788e+00 9.4494772746e+00 1.7136673669e-01 1.1110820356e-01 2.5909954603e+00 1.6714000000e+00 0.0000000000e+00 1.0649696582e+01
1.5813161241e+00 3.0357858998e-03 8.7451171875e-02 1.1330003992e+01 1.5392352638e+00 4.1566993215e+00 9.4153303200e+00 1.7114109439e-01 1.1118579363e-01 2.6089839053e+00 1.6714000000e+00 0.0000000000e+00 1.0647850801e+01
1.5790572068e+00 3.0689724255e-03 8.8525390625e-02 1.1329931891e+01 1.5365243677e+00 4.1308583830e+00 9.3719544589e+00 1.7088685233e-01 1.1121649349e-01 2.6268513851e+00 1.6714000000e+00 0.0000000000e+00 1.0645543574e+01
1.5787371932e+00 3.1023417971e-03 8.9501953125e-02 1.1328756648e+01 1.5364251076e+00 4.1013258818e+00 9.3387303950e+00 1.7057552506e-01 1.1102104764e-01 2.6435001750e+00 1.6714000000e+00 0.0000000000e+00 1.0646005019e+01
1.5759454738e+00 3.1358940146e-03 9.0576171875e-02 1.1328403354e+01 1.5330426891e+00 4.0754849432e+00 9.3027376591e+00 1.7029355496e-01 1.1108206977e-01 2.6618085049e+00 1.6714000000e+00 0.0000000000e+00 1.0643697793e+01
1.5728994664e+00 3.1696290779e-03 9.1650390625e-02 1.1327379522e+01 1.5293432099e+00 4.0441066606e+00 9.2621304700e+00 1.6999619722e-01 1.1115634222e-01 2.6803556802e+00 1.6714000000e+00 0.0000000000e+00 1.0640929121e+01
1.5718080273e+00 3.2035469871e-03 9.2626953125e-02 1.1328208682e+01 1.5282638219e+00 4.0256488474e+00 9.2298292967e+00 1.6965085113e-01 1.1100887733e-01 2.6976307451e+00 1.6714000000e+00 0.0000000000e+00 1.0640929121e+01
1.5682717826e+00 3.2376477422e-03 9.3701171875e-02 1.1328143791e+01 1.5239515239e+00 3.9961163462e+00 9.2113714835e+00 1.6932604291e-01 1.1110986160e-01 2.7166464671e+00 1.6714000000e+00 0.0000000000e+00 1.0640006230e+01
1.5651392225e+00 3.2719313432e-03 9.4775390625e-02 1.1327891438e+01 1.5202080273e+00 3.9813500956e+00 9.1652269503e+00 1.6896587680e-01 1.1114654953e-01 2.7359851751e+00 1.6714000000e+00 0.0000000000e+00 1.0638160449e+01
1.5630218159e+00 3.3063977900e-03 9.5849609375e-02 1.1328763858e+01 1.5178531384e+00 3.9564320476e+00 9.1338486678e+00 1.6855248881e-01 1.1104663853e-01 2.7557186545e+00 1.6714000000e+00 0.0000000000e+00 1.0635853222e+01
1.5584174249e+00 3.3410470827e-03 9.7021484375e-02 1.1328151001e+01 1.5122289576e+00 3.9213622025e+00 9.1126221825e+00 1.6814895555e-01 1.1119278910e-01 2.7773276177e+00 1.6714000000e+00 0.0000000000e+00 1.0633084550e+01
1.5557472556e+00 3.3758792213e-03 9.8095703125e-02 1.1329665118e+01 1.5091794493e+00 3.9084417332e+00 9.0738607747e+00 1.6770997946e-01 1.1112659898e-01 2.7976133520e+00 1.6714000000e+00 0.0000000000e+00 1.0633084550e+01
1.5528087933e+00 3.4108942057e-03 9.9169921875e-02 1.1329874211e+01 1.5057919130e+00 3.8789092319e+00 9.0360222575e+00 1.6725966323e-01 1.1107754119e-01 2.8181711407e+00 1.6714000000e+00 0.0000000000e+00 1.0631700214e+01
1.5496063407e+00 3.4460920360e-03 1.0024414063e-01 1.1331085505e+01 1.5020725314e+00 3.8622972000e+00 9.0129499909e+00 1.6679806493e-01 1.1104528007e-01 2.8390066956e+00 1.6714000000e+00 0.0000000000e+00 1.0633545995e+01
1.5461432979e+00 3.4814727122e-03 1.0131835938e-01 1.1332988967e+01 1.4980270231e+00 3.8456851681e+00 8.9788030364e+00 1.6632517091e-01 1.1102948635e-01 2.8601258214e+00 1.6714000000e+00 0.0000000000e+00 1.0631700214e+01
1.5424222155e+00 3.5170362343e-03 1.0239257813e-01 1.1333198059e+01 1.4936588785e+00 3.8124611042e+00 8.9584994418e+00 1.6584110298e-01 1.1103010558e-01 2.8815344206e+00 1.6714000000e+00 0.0000000000e+00 1.0632623105e+01
1.5384448896e+00 3.5527826022e-03 1.0346679688e-01 1.1333983958e+01 1.4889718952e+00 3.7976948536e+00 8.9169693619e+00 1.6534593832e-01 1.1104705123e-01 2.9032384970e+00 1.6714000000e+00 0.0000000000e+00 1.0628008651e+01
1.5326851333e+00 3.5887118160e-03 1.0463867188e-01 1.1335115941e+01 1.4819939726e+00 3.7810828217e+00 8.8874368607e+00 1.6482358564e-01 1.1121744669e-01 2.9271345853e+00 1.6714000000e+00 0.0000000000e+00 1.0622009862e+01
1.5300834993e+00 3.6248238757e-03 1.0571289063e-01 1.1338850764e+01 1.4791836390e+00 3.7589334457e+00 8.8652874848e+00 1.6425457013e-01 1.1104406903e-01 2.9496878960e+00 1.6714000000e+00 0.0000000000e+00 1.0624317089e+01
1.5249147723e+00 3.6611187812e-03 1.0688476563e-01 1.1339124748e+01 1.4730447165e+00 3.7423214138e+00 8.8256031863e+00 1.6367655355e-01 1.1111445004e-01 2.9744241162e+00 1.6714000000e+00 0.0000000000e+00 1.0622009862e+01
