# M_T	 rho_0	 phi_0	 R_F	 N_F	 R_B	 R_B_0	 N_B	 N_B/N_F	 omega	 mu	 lambda	 R_G	 
3.6490353541e-01 4.0679097569e-05 2.2839285293e-03 7.3832728233e+02 3.1273348771e-01 1.9565267638e+01 1.9658450304e+01 5.5210105097e-02 1.7654043224e-01 1.0112230683e+00 1.0000000000e+00 0.0000000000e+00 7.2887688194e+02
3.6480845967e-01 4.0770520505e-05 2.2835179035e-03 7.3832728233e+02 3.1266542547e-01 1.9565267638e+01 1.9658753128e+01 5.5182161150e-02 1.7648948894e-01 1.0112281166e+00 1.0000000000e+00 0.0000000000e+00 7.2887688194e+02
3.6435096007e-01 4.1044789312e-05 2.2825241089e-03 7.3832728233e+02 3.1227721237e-01 1.9565267638e+01 1.9659639968e+01 5.5108355272e-02 1.7647254775e-01 1.0112437238e+00 1.0000000000e+00 0.0000000000e+00 7.2889164819e+02
3.6350482143e-01 4.1501903992e-05 2.2809982300e-03 7.3832728233e+02 3.1153970068e-01 1.9565267638e+01 1.9659510186e+01 5.4991357261e-02 1.7651476567e-01 1.0112698124e+00 1.0000000000e+00 0.0000000000e+00 7.2889164819e+02
3.6255219750e-01 4.2141864543e-05 2.2794322757e-03 7.3831989920e+02 3.1075661611e-01 1.9557884513e+01 1.9657815817e+01 5.4812529924e-02 1.7638411246e-01 1.0113071526e+00 1.0000000000e+00 0.0000000000e+00 7.2889903132e+02
3.6138360062e-01 4.2964670966e-05 2.2763129976e-03 7.3831989920e+02 3.0979842741e-01 1.9557884513e+01 1.9657988859e+01 5.4590612927e-02 1.7621333130e-01 1.0113519976e+00 1.0000000000e+00 0.0000000000e+00 7.2891379757e+02
3.5922303245e-01 4.3970323261e-05 2.2706794310e-03 7.3832728233e+02 3.0784793075e-01 1.9580033889e+01 1.9671017479e+01 5.4358851455e-02 1.7657695903e-01 1.0114057670e+00 1.0000000000e+00 0.0000000000e+00 7.2893594694e+02
3.5789617350e-01 4.5158821427e-05 2.2671581816e-03 7.3832728233e+02 3.0686772768e-01 1.9565267638e+01 1.9661968825e+01 5.3999407513e-02 1.7596965285e-01 1.0114747011e+00 1.0000000000e+00 0.0000000000e+00 7.2895071319e+02
3.5458485345e-01 4.6530165465e-05 2.2637241213e-03 7.3832728233e+02 3.0381625325e-01 1.9565267638e+01 1.9660923363e+01 5.3706757303e-02 1.7677381222e-01 1.0115535727e+00 1.0000000000e+00 0.0000000000e+00 7.2899501194e+02
3.5238727515e-01 4.8084355375e-05 2.2566795349e-03 7.3831989920e+02 3.0201889043e-01 1.9572650764e+01 1.9662459111e+01 5.3284849255e-02 1.7642886238e-01 1.0116380219e+00 1.0000000000e+00 0.0000000000e+00 7.2900239507e+02
3.4940539084e-01 4.9821391157e-05 2.2512435913e-03 7.3832728233e+02 2.9945842133e-01 1.9565267638e+01 1.9663836236e+01 5.2834163865e-02 1.7643238627e-01 1.0117376138e+00 1.0000000000e+00 0.0000000000e+00 7.2903931070e+02
3.4619614899e-01 5.1741272810e-05 2.2436141968e-03 7.3831989920e+02 2.9669095586e-01 1.9572650764e+01 1.9663547833e+01 5.2360696632e-02 1.7648228097e-01 1.0118409044e+00 1.0000000000e+00 0.0000000000e+00 7.2906146007e+02
3.4280194555e-01 5.3844000335e-05 2.2361590032e-03 7.3832728233e+02 2.9383064306e-01 1.9565267638e+01 1.9664218371e+01 5.1793569638e-02 1.7627014357e-01 1.0119621662e+00 1.0000000000e+00 0.0000000000e+00 7.2911314195e+02
3.3910620791e-01 5.6129573732e-05 2.2266895210e-03 7.3831989920e+02 2.9067793276e-01 1.9572650764e+01 1.9669178908e+01 5.1214148066e-02 1.7618863455e-01 1.0120861890e+00 1.0000000000e+00 0.0000000000e+00 7.2913529133e+02
3.3500076110e-01 5.8597993001e-05 2.2168200844e-03 7.3831989920e+02 2.8718672561e-01 1.9572650764e+01 1.9669640354e+01 5.0559643178e-02 1.7605146293e-01 1.0122266306e+00 1.0000000000e+00 0.0000000000e+00 7.2917959008e+02
3.3019067628e-01 6.1249258141e-05 2.2068399339e-03 7.3831989920e+02 2.8299630326e-01 1.9572650764e+01 1.9671536605e+01 4.9892771420e-02 1.7630184863e-01 1.0123758664e+00 1.0000000000e+00 0.0000000000e+00 7.2922388883e+02
3.2493632475e-01 6.4083369153e-05 2.1963119507e-03 7.3832728233e+02 2.7843458550e-01 1.9565267638e+01 1.9660808001e+01 4.9148736951e-02 1.7651807466e-01 1.0125415346e+00 1.0000000000e+00 0.0000000000e+00 7.2927557071e+02
3.1970457705e-01 6.7100326037e-05 2.1835565567e-03 7.3832728233e+02 2.7395506755e-01 1.9550501388e+01 1.9661565060e+01 4.8345345064e-02 1.7647180429e-01 1.0127132458e+00 1.0000000000e+00 0.0000000000e+00 7.2931986946e+02
3.1399424589e-01 7.0300128793e-05 2.1690996748e-03 7.3832728233e+02 2.6907773412e-01 1.9550501388e+01 1.9664672606e+01 4.7456583211e-02 1.7636755923e-01 1.0129010584e+00 1.0000000000e+00 0.0000000000e+00 7.2936416821e+02
3.0782363493e-01 7.3682777420e-05 2.1528244019e-03 7.3831989920e+02 2.6377759961e-01 1.9557884513e+01 1.9669114017e+01 4.6525803176e-02 1.7638269225e-01 1.0130965604e+00 1.0000000000e+00 0.0000000000e+00 7.2938631759e+02
3.0098701067e-01 7.7248271919e-05 2.1352015311e-03 7.3831989920e+02 2.5791057052e-01 1.9557884513e+01 1.9671060740e+01 4.5489604797e-02 1.7637743465e-01 1.0133125615e+00 1.0000000000e+00 0.0000000000e+00 7.2941585009e+02
2.9362186350e-01 8.0996612290e-05 2.1174430847e-03 7.3832359077e+02 2.5156403834e-01 1.9546809825e+01 1.9659236203e+01 4.4399453617e-02 1.7649364317e-01 1.0135393917e+00 1.0000000000e+00 0.0000000000e+00 7.2944907415e+02
2.8551113277e-01 8.4927798533e-05 2.0944595337e-03 7.3831989920e+02 2.4458542217e-01 1.9557884513e+01 1.9663180119e+01 4.3188399928e-02 1.7657798059e-01 1.0137844007e+00 1.0000000000e+00 0.0000000000e+00 7.2947491509e+02
2.7731888355e-01 8.9041830648e-05 2.0700454712e-03 7.3832359077e+02 2.3760128702e-01 1.9561576076e+01 1.9667023093e+01 4.1900837336e-02 1.7634937025e-01 1.0140369448e+00 1.0000000000e+00 0.0000000000e+00 7.2947860665e+02
2.7056038599e-01 9.3338708634e-05 2.0518779755e-03 7.3831620764e+02 2.3177355503e-01 1.9554192950e+01 1.9668811194e+01 4.0904668003e-02 1.7648548385e-01 1.0142373493e+00 1.0000000000e+00 0.0000000000e+00 7.2947122353e+02
2.6495676390e-01 9.7818432492e-05 2.0334801604e-03 7.3831620764e+02 2.2704828569e-01 1.9554192950e+01 1.9669669194e+01 3.9972193458e-02 1.7605150964e-01 1.0144221102e+00 1.0000000000e+00 0.0000000000e+00 7.2945645728e+02
2.6001546271e-01 1.0248100222e-04 2.0218753514e-03 7.3832359077e+02 2.2269510571e-01 1.9546809825e+01 1.9658104220e+01 3.9336275985e-02 1.7663736192e-01 1.0145652578e+00 1.0000000000e+00 0.0000000000e+00 7.2944907415e+02
2.5628581052e-01 1.0732641782e-04 2.0098328590e-03 7.3832359077e+02 2.1952469291e-01 1.9546809825e+01 1.9659769749e+01 3.8741051227e-02 1.7647696354e-01 1.0146969025e+00 1.0000000000e+00 0.0000000000e+00 7.2943430790e+02
2.4806347938e-01 1.1235467930e-04 1.9830703735e-03 7.3831620764e+02 2.1248878762e-01 1.9554192950e+01 1.9661067564e+01 3.7475254448e-02 1.7636344424e-01 1.0149856455e+00 1.0000000000e+00 0.0000000000e+00 7.2938262602e+02
2.3867896632e-01 1.1756578664e-04 1.9533157349e-03 7.3831620764e+02 2.0441965779e-01 1.9554192950e+01 1.9664845648e+01 3.6069459815e-02 1.7644809802e-01 1.0152989075e+00 1.0000000000e+00 0.0000000000e+00 7.2930879477e+02
2.2822752872e-01 1.2295973986e-04 1.9183158875e-03 7.3831989920e+02 1.9544251784e-01 1.9557884513e+01 1.9671212152e+01 3.4494617346e-02 1.7649494965e-01 1.0156378141e+00 1.0000000000e+00 0.0000000000e+00 7.2919435633e+02
2.1747786394e-01 1.2853653895e-04 1.8818054079e-03 7.3831989920e+02 1.8624035554e-01 1.9543118262e+01 1.9659048741e+01 3.2844060886e-02 1.7635308304e-01 1.0159815212e+00 1.0000000000e+00 0.0000000000e+00 7.2903192757e+02
2.0519746001e-01 1.3429618391e-04 1.8368721008e-03 7.3831436186e+02 1.7568065827e-01 1.9552347169e+01 1.9663151279e+01 3.1005473354e-02 1.7648768885e-01 1.0163563848e+00 1.0000000000e+00 0.0000000000e+00 7.2874583147e+02
1.9272849651e-01 1.4023867474e-04 1.7876081025e-03 7.3831620764e+02 1.6503621258e-01 1.9554192950e+01 1.9666756320e+01 2.9061576345e-02 1.7609211875e-01 1.0167383649e+00 1.0000000000e+00 0.0000000000e+00 7.2836375473e+02
1.7848961384e-01 1.4636401144e-04 1.7321586609e-03 7.3832543655e+02 1.5276943366e-01 1.9548655606e+01 1.9657440893e+01 2.6953188250e-02 1.7643050448e-01 1.0171542126e+00 1.0000000000e+00 0.0000000000e+00 7.2772326861e+02
1.6380027300e-01 1.5267219402e-04 1.6694068909e-03 7.3831436186e+02 1.4015684033e-01 1.9552347169e+01 1.9662653783e+01 2.4735869300e-02 1.7648706436e-01 1.0175832754e+00 1.0000000000e+00 0.0000000000e+00 7.2670808888e+02
1.4839079979e-01 1.5916322246e-04 1.5986442566e-03 7.3832174499e+02 1.2693905556e-01 1.9559730294e+01 1.9667715261e+01 2.2396677113e-02 1.7643645617e-01 1.0180374266e+00 1.0000000000e+00 0.0000000000e+00 7.2495828818e+02
1.3228705473e-01 1.6583709678e-04 1.5211415747e-03 7.3831989920e+02 1.1312944536e-01 1.9543118262e+01 1.9659077581e+01 1.9948349553e-02 1.7633207243e-01 1.0185241940e+00 1.0000000000e+00 0.0000000000e+00 7.2144207476e+02
1.1639432456e-01 1.7269381697e-04 1.4368057251e-03 7.2634631574e+02 9.9484229991e-02 1.9559730294e+01 1.9663879497e+01 1.7547863033e-02 1.7638838873e-01 1.0190243655e+00 1.0000000000e+00 0.0000000000e+00 7.0114032595e+02
1.0037437799e-01 1.7973338304e-04 1.3467788696e-03 6.1976542951e+02 8.5728079511e-02 1.9554192950e+01 1.9669085177e+01 1.5128938854e-02 1.7647588678e-01 1.0195866849e+00 1.0000000000e+00 0.0000000000e+00 5.6252399413e+02
9.1191491694e-02 1.8695579497e-04 1.2981414795e-03 3.1183774687e+02 7.7845967909e-02 1.9544041153e+01 1.9660548438e+01 1.3737791778e-02 1.7647403131e-01 1.0201993910e+00 1.0000000000e+00 0.0000000000e+00 1.7992028903e+02
9.0346543936e-02 1.9436105278e-04 1.3099670410e-03 1.6262078286e+02 7.7126085696e-02 1.9561576076e+01 1.9666893312e+01 1.3602891035e-02 1.7637211732e-01 1.0209593098e+00 1.0000000000e+00 0.0000000000e+00 5.3509186228e+01
9.2066028710e-02 2.0194915645e-04 1.3439178467e-03 1.0599030831e+02 7.8591294299e-02 1.9557884513e+01 1.9671060740e+01 1.3873529436e-02 1.7652756020e-01 1.0217399969e+00 1.0000000000e+00 0.0000000000e+00 3.0425844962e+01
9.4744905896e-02 2.0972010600e-04 1.3866424561e-03 7.7422386452e+01 8.0891369179e-02 1.9539426700e+01 1.9663418052e+01 1.4279745515e-02 1.7652990252e-01 1.0225702572e+00 1.0000000000e+00 0.0000000000e+00 2.1857728045e+01
9.8019682764e-02 2.1767390143e-04 1.4350891113e-03 6.0717503063e+01 8.3711592578e-02 1.9544964044e+01 1.9670519984e+01 1.4769592156e-02 1.7643425123e-01 1.0234424779e+00 1.0000000000e+00 0.0000000000e+00 1.9485899041e+01
1.0152679253e-01 2.2581054272e-04 1.4873504639e-03 5.0418216305e+01 8.6719661018e-02 1.9537580918e+01 1.9662322119e+01 1.5308465066e-02 1.7652819310e-01 1.0243037145e+00 1.0000000000e+00 0.0000000000e+00 1.9257022157e+01
1.0569436955e-01 2.3413002988e-04 1.5476226807e-03 4.2706931268e+01 9.0313295335e-02 1.9538503809e+01 1.9669157278e+01 1.5932203599e-02 1.7641038941e-01 1.0252712853e+00 1.0000000000e+00 0.0000000000e+00 1.9065983789e+01
1.0996844317e-01 2.4263236292e-04 1.6103744507e-03 3.7417563685e+01 9.3986691965e-02 1.9519123105e+01 1.9660065363e+01 1.6586654685e-02 1.7647875820e-01 1.0262187130e+00 1.0000000000e+00 0.0000000000e+00 1.8943239331e+01
1.1460340903e-01 2.5131754183e-04 1.6773223877e-03 3.3351603036e+01 9.7979260295e-02 1.9530197793e+01 1.9668868875e+01 1.7290320147e-02 1.7646918434e-01 1.0272110067e+00 1.0000000000e+00 0.0000000000e+00 1.8850950265e+01
1.1966013473e-01 2.6018556661e-04 1.7522811890e-03 3.0105897515e+01 1.0234090498e-01 1.9517277324e+01 1.9661658791e+01 1.8056052131e-02 1.7643045207e-01 1.0282611247e+00 1.0000000000e+00 0.0000000000e+00 1.8764198543e+01
1.2474205376e-01 2.6923643726e-04 1.8272399902e-03 2.7656444754e+01 1.0671269198e-01 1.9513585761e+01 1.9665999261e+01 1.8840653503e-02 1.7655494537e-01 1.0292828788e+00 1.0000000000e+00 0.0000000000e+00 1.8716208228e+01
1.3050279733e-01 2.7847015378e-04 1.9138336182e-03 2.5515129323e+01 1.1169051907e-01 1.9500665292e+01 1.9662524001e+01 1.9712853086e-02 1.7649531267e-01 1.0304169511e+00 1.0000000000e+00 0.0000000000e+00 1.8644222756e+01
1.3647133494e-01 2.8788671618e-04 2.0030975342e-03 2.3781061028e+01 1.1684763204e-01 1.9495127948e+01 1.9670592085e+01 2.0621572982e-02 1.7648259209e-01 1.0315553349e+00 1.0000000000e+00 0.0000000000e+00 1.8609152911e+01
1.4240833315e-01 2.9748612445e-04 2.0938873291e-03 2.2404951738e+01 1.2197642202e-01 1.9491436385e+01 1.9664276052e+01 2.1531852818e-02 1.7652471241e-01 1.0326631683e+00 1.0000000000e+00 0.0000000000e+00 1.8546396346e+01
1.4946570703e-01 3.0726837858e-04 2.2026062012e-03 2.1089955115e+01 1.2808193823e-01 1.9475747244e+01 1.9659647178e+01 2.2611661316e-02 1.7654059292e-01 1.0339464887e+00 1.0000000000e+00 0.0000000000e+00 1.8501174704e+01
1.5648492865e-01 3.1723347859e-04 2.3109436035e-03 2.0035055036e+01 1.3417014908e-01 1.9483130369e+01 1.9667239396e+01 2.3677076868e-02 1.7647052665e-01 1.0351874013e+00 1.0000000000e+00 0.0000000000e+00 1.8449492827e+01
1.6361994206e-01 3.2738142448e-04 2.4238586426e-03 1.9150536436e+01 1.4035312328e-01 1.9460613279e+01 1.9661788573e+01 2.4773307376e-02 1.7650699035e-01 1.0364218488e+00 1.0000000000e+00 0.0000000000e+00 1.8378430245e+01
1.7202137049e-01 3.3771221623e-04 2.5577545166e-03 1.8291728994e+01 1.4764451890e-01 1.9443467701e+01 1.9658911750e+01 2.6062652760e-02 1.7652299559e-01 1.0378348840e+00 1.0000000000e+00 0.0000000000e+00 1.8306466404e+01
1.8035286238e-01 3.4822585386e-04 2.6908874512e-03 1.7576467100e+01 1.5489346682e-01 1.9436985836e+01 1.9668349749e+01 2.7333212088e-02 1.7646458981e-01 1.0391953556e+00 1.0000000000e+00 0.0000000000e+00 1.8240919537e+01
1.8881483426e-01 3.5892233735e-04 2.8282165527e-03 1.6968592186e+01 1.6226727707e-01 1.9419760947e+01 1.9665667598e+01 2.8623177076e-02 1.7639525105e-01 1.0405466765e+00 1.0000000000e+00 0.0000000000e+00 1.8149863395e+01
1.9890689279e-01 3.6980166672e-04 2.9945373535e-03 1.6360414449e+01 1.7105728576e-01 1.9402233235e+01 1.9662170707e+01 3.0179822964e-02 1.7643108758e-01 1.0421098072e+00 1.0000000000e+00 0.0000000000e+00 1.8043738178e+01
2.0889919210e-01 3.8086384196e-04 3.1608581543e-03 1.5861952550e+01 1.7976594252e-01 1.9376291355e+01 1.9658507985e+01 3.1730500595e-02 1.7651007832e-01 1.0436084850e+00 1.0000000000e+00 0.0000000000e+00 1.7943965046e+01
2.1873974698e-01 3.9210886308e-04 3.3256530762e-03 1.5436802778e+01 1.8836902091e-01 1.9364596600e+01 1.9669734085e+01 3.3245979157e-02 1.7649387885e-01 1.0450489129e+00 1.0000000000e+00 0.0000000000e+00 1.7843672787e+01
2.3093162773e-01 4.0353673006e-04 3.5316467285e-03 1.4995163545e+01 1.9905249047e-01 1.9336412384e+01 1.9670909328e+01 3.5119652853e-02 1.7643412937e-01 1.0467804001e+00 1.0000000000e+00 0.0000000000e+00 1.7697358566e+01
2.4298112712e-01 4.1514744292e-04 3.7376403809e-03 1.4632662187e+01 2.0961035293e-01 1.9313534790e+01 1.9669467312e+01 3.6994571749e-02 1.7649210181e-01 1.0484322680e+00 1.0000000000e+00 0.0000000000e+00 1.7556350967e+01
2.5479002583e-01 4.2694100165e-04 3.9421081543e-03 1.4326154335e+01 2.1997675515e-01 1.9272819449e+01 1.9666229984e+01 3.8835159807e-02 1.7654210683e-01 1.0500099704e+00 1.0000000000e+00 0.0000000000e+00 1.7412271872e+01
2.6877585698e-01 4.3891740625e-04 4.1847229004e-03 1.4013993779e+01 2.3229427582e-01 1.9226465824e+01 1.9668515581e+01 4.1003467148e-02 1.7651518533e-01 1.0518251197e+00 1.0000000000e+00 0.0000000000e+00 1.7218255741e+01
2.8331961074e-01 4.5107665672e-04 4.4387817383e-03 1.3742909066e+01 2.4511396881e-01 1.9176860451e+01 1.9670145059e+01 4.3279867819e-02 1.7657038491e-01 1.0536439670e+00 1.0000000000e+00 0.0000000000e+00 1.7020987861e+01
2.9753399500e-01 4.6341875306e-04 4.6859741211e-03 1.3518769207e+01 2.5773188051e-01 1.9115149348e+01 1.9669986438e+01 4.5449978282e-02 1.7634596928e-01 1.0553708409e+00 1.0000000000e+00 0.0000000000e+00 1.6826380503e+01
3.1286261486e-01 4.7594369528e-04 4.9575805664e-03 1.3311875866e+01 2.7129485375e-01 1.9055932933e+01 1.9671046320e+01 4.7870237957e-02 1.7645096210e-01 1.0571883051e+00 1.0000000000e+00 0.0000000000e+00 1.6589969081e+01
3.3030931267e-01 4.8865148336e-04 5.2658081055e-03 1.3112524273e+01 2.8681743138e-01 1.8974696925e+01 1.9662307699e+01 5.0586907982e-02 1.7637319928e-01 1.0591864030e+00 1.0000000000e+00 0.0000000000e+00 1.6331538066e+01
3.4736939221e-01 5.0154211732e-04 5.5709838867e-03 1.2952496474e+01 3.0197025540e-01 1.8888514799e+01 1.9665984841e+01 5.3316498544e-02 1.7656208713e-01 1.0610813455e+00 1.0000000000e+00 0.0000000000e+00 1.6068160932e+01
3.6395915158e-01 5.1461559715e-04 5.8639526367e-03 1.2810684950e+01 3.1682806606e-01 1.8791002027e+01 1.9666042522e+01 5.5895315581e-02 1.7642160392e-01 1.0628793189e+00 1.0000000000e+00 0.0000000000e+00 1.5822985655e+01
3.8395206948e-01 5.2787192285e-04 6.2210083008e-03 1.2669403368e+01 3.3472749054e-01 1.8664472275e+01 1.9673447278e+01 5.9070331023e-02 1.7647290017e-01 1.0649949136e+00 1.0000000000e+00 0.0000000000e+00 1.5519260895e+01
4.0417819288e-01 5.4131109443e-04 6.5811157227e-03 1.2556140169e+01 3.5292580772e-01 1.8521676576e+01 1.9666042522e+01 6.2261433680e-02 1.7641507739e-01 1.0670680762e+00 1.0000000000e+00 0.0000000000e+00 1.5214036439e+01
4.2382520157e-01 5.5493311187e-04 6.9320678711e-03 1.2453475793e+01 3.7063377812e-01 1.8374727868e+01 1.9670844437e+01 6.5396327224e-02 1.7644459595e-01 1.0690370173e+00 1.0000000000e+00 0.0000000000e+00 1.4919425225e+01
4.4365762992e-01 5.6873797519e-04 7.2860717773e-03 1.2368014676e+01 3.8858423257e-01 1.8200654826e+01 1.9662408640e+01 6.8553466074e-02 1.7641854797e-01 1.0709938084e+00 1.0000000000e+00 0.0000000000e+00 1.4627222179e+01
4.6731101699e-01 5.8272568438e-04 7.7102661133e-03 1.2283339457e+01 4.1002334507e-01 1.8012615854e+01 1.9672517177e+01 7.2375965490e-02 1.7651669438e-01 1.0732761455e+00 1.0000000000e+00 0.0000000000e+00 1.4291520700e+01
4.9025518654e-01 5.9689623944e-04 8.1192016602e-03 1.2220936186e+01 4.3094710987e-01 1.7787798246e+01 1.9667304287e+01 7.6049756616e-02 1.7647120696e-01 1.0754382656e+00 1.0000000000e+00 0.0000000000e+00 1.3978105589e+01
5.1243473833e-01 6.1124964037e-04 8.5159301758e-03 1.2164228881e+01 4.5122505728e-01 1.7568647764e+01 1.9675314689e+01 7.9636923256e-02 1.7649047182e-01 1.0775023547e+00 1.0000000000e+00 0.0000000000e+00 1.3699890104e+01
5.3561891695e-01 6.2578588718e-04 8.9309692383e-03 1.2112143239e+01 4.7251240141e-01 1.7324600864e+01 1.9672387395e+01 8.3389149010e-02 1.7648033948e-01 1.0796435706e+00 1.0000000000e+00 0.0000000000e+00 1.3411544453e+01
5.6193157261e-01 6.4050497985e-04 9.4039916992e-03 1.2064888353e+01 4.9674441789e-01 1.7041085969e+01 1.9669546622e+01 8.7690928248e-02 1.7653128065e-01 1.0820388564e+00 1.0000000000e+00 0.0000000000e+00 1.3098497056e+01
5.8734253448e-01 6.5540691840e-04 9.8602294922e-03 1.2026840744e+01 5.2026944234e-01 1.6752012099e+01 1.9667160085e+01 9.1839471551e-02 1.7652290155e-01 1.0843236687e+00 1.0000000000e+00 0.0000000000e+00 1.2824189436e+01
6.1184661061e-01 6.7049170282e-04 1.0299682617e-02 1.2000833973e+01 5.4307174344e-01 1.6489759739e+01 1.9679655159e+01 9.5832798780e-02 1.7646434368e-01 1.0865153788e+00 1.0000000000e+00 0.0000000000e+00 1.2561937076e+01
6.3719480422e-01 6.8575933311e-04 1.0757446289e-02 1.1974632531e+01 5.6674939867e-01 1.6197751365e+01 1.9679482117e+01 9.9990370098e-02 1.7642783624e-01 1.0887895328e+00 1.0000000000e+00 0.0000000000e+00 1.2314227454e+01
6.6573732180e-01 7.0120980928e-04 1.1276245117e-02 1.1953240213e+01 5.9351628767e-01 1.5895800286e+01 1.9681349529e+01 1.0470782416e-01 1.7641946200e-01 1.0913401235e+00 1.0000000000e+00 0.0000000000e+00 1.2056575127e+01
6.9320356694e-01 7.1684313131e-04 1.1776733398e-02 1.1936678652e+01 6.1941656337e-01 1.5598679963e+01 1.9681609092e+01 1.0924660260e-01 1.7637016680e-01 1.0937891271e+00 1.0000000000e+00 0.0000000000e+00 1.1813919774e+01
7.1950580302e-01 7.3265929922e-04 1.2265014648e-02 1.1928733140e+01 6.4424911983e-01 1.5310190110e+01 1.9682531982e+01 1.1369645383e-01 1.7647902082e-01 1.0961621116e+00 1.0000000000e+00 0.0000000000e+00 1.1587811561e+01
7.4541997472e-01 7.4865831300e-04 1.2747192383e-02 1.1913440554e+01 6.6887545270e-01 1.5043856843e+01 1.9683043898e+01 1.1804989411e-01 1.7649009787e-01 1.0985198273e+00 1.0000000000e+00 0.0000000000e+00 1.1399080421e+01
7.7547291621e-01 7.6484017265e-04 1.3314819336e-02 1.1909503848e+01 6.9753677430e-01 1.4744595125e+01 1.9673620320e+01 1.2315948423e-01 1.7656342829e-01 1.1012827343e+00 1.0000000000e+00 0.0000000000e+00 1.1175740880e+01
8.0439140317e-01 7.8120487817e-04 1.3858032227e-02 1.1898914038e+01 7.2537680314e-01 1.4453446553e+01 1.9678919731e+01 1.2797781300e-01 1.7642942599e-01 1.1039419606e+00 1.0000000000e+00 0.0000000000e+00 1.0997163339e+01
8.3197217673e-01 7.9775242956e-04 1.4389038086e-02 1.1896765433e+01 7.5196751987e-01 1.4200271688e+01 1.9682726655e+01 1.3268965702e-01 1.7645663345e-01 1.1065333107e+00 1.0000000000e+00 0.0000000000e+00 1.0886416460e+01
8.5839684575e-01 8.1448282683e-04 1.4901733398e-02 1.1893326224e+01 7.7760764759e-01 1.3960572469e+01 1.9685610688e+01 1.3718196764e-01 1.7641540443e-01 1.1090556113e+00 1.0000000000e+00 0.0000000000e+00 1.0840733372e+01
8.8775824285e-01 8.3139606996e-04 1.5481567383e-02 1.1891134358e+01 8.0622623399e-01 1.3707368763e+01 1.9678443865e+01 1.4221204347e-01 1.7639223021e-01 1.1119189994e+00 1.0000000000e+00 0.0000000000e+00 1.0817661105e+01
9.1710062980e-01 8.4849215897e-04 1.6079711914e-02 1.1889793283e+01 8.3485834788e-01 1.3454987007e+01 1.9687326688e+01 1.4738767829e-01 1.7654213876e-01 1.1148582010e+00 1.0000000000e+00 0.0000000000e+00 1.0808893644e+01
9.4524733459e-01 8.6577109385e-04 1.6653442383e-02 1.1890528711e+01 8.6259333094e-01 1.3234243097e+01 1.9680462689e+01 1.5224625242e-01 1.7649829526e-01 1.1177107414e+00 1.0000000000e+00 0.0000000000e+00 1.0813046652e+01
9.7213781362e-01 8.8323287460e-04 1.7208862305e-02 1.1890442190e+01 8.8925912079e-01 1.3012648396e+01 1.9688119797e+01 1.5687434637e-01 1.7641016291e-01 1.1204972263e+00 1.0000000000e+00 0.0000000000e+00 1.0821352668e+01
9.9852298147e-01 9.0087750123e-04 1.7770385742e-02 1.1891977938e+01 9.1548877218e-01 1.2822222886e+01 1.9680203126e+01 1.6150600186e-01 1.7641505474e-01 1.1233280163e+00 1.0000000000e+00 0.0000000000e+00 1.0831965911e+01
1.0277623153e+00 9.1870497372e-04 1.8411254883e-02 1.1890882005e+01 9.4465025409e-01 1.2599633194e+01 1.9679352336e+01 1.6672644881e-01 1.7649542578e-01 1.1265661279e+00 1.0000000000e+00 0.0000000000e+00 1.0837041809e+01
1.0557350633e+00 9.3671529209e-04 1.9027709961e-02 1.1890882005e+01 9.7281978778e-01 1.2407671937e+01 1.9675574252e+01 1.7162012752e-01 1.7641512814e-01 1.1297175738e+00 1.0000000000e+00 0.0000000000e+00 1.0857806849e+01
1.0821194309e+00 9.5490845633e-04 1.9635009766e-02 1.1889497669e+01 9.9939023130e-01 1.2214326343e+01 1.9688054906e+01 1.7640585783e-01 1.7651349024e-01 1.1328251722e+00 1.0000000000e+00 0.0000000000e+00 1.0867958647e+01
1.1073538759e+00 9.7328446644e-04 2.0220947266e-02 1.1885258141e+01 1.0250299284e+00 1.2047658057e+01 1.9683901898e+01 1.8090045499e-01 1.7648309574e-01 1.1358665133e+00 1.0000000000e+00 0.0000000000e+00 1.0881340561e+01
1.1331275592e+00 9.9184332243e-04 2.0831298828e-02 1.1886433384e+01 1.0513895665e+00 1.1888264745e+01 1.9681061125e+01 1.8547238531e-01 1.7640691065e-01 1.1390711452e+00 1.0000000000e+00 0.0000000000e+00 1.0897029702e+01
1.1598685527e+00 1.0105850243e-03 2.1502685547e-02 1.1884630863e+01 1.0786646338e+00 1.1701328915e+01 1.9682712235e+01 1.9047464986e-01 1.7658375355e-01 1.1425848802e+00 1.0000000000e+00 0.0000000000e+00 1.0906720054e+01
1.1857778595e+00 1.0295095720e-03 2.2137451172e-02 1.1883960326e+01 1.1055740960e+00 1.1549513401e+01 1.9683829797e+01 1.9497784748e-01 1.7635891452e-01 1.1459874682e+00 1.0000000000e+00 0.0000000000e+00 1.0922409196e+01
1.2098764156e+00 1.0486169656e-03 2.2772216797e-02 1.1879201671e+01 1.1304564752e+00 1.1396313551e+01 1.9669835026e+01 1.9948445872e-01 1.7646363491e-01 1.1493756325e+00 1.0000000000e+00 0.0000000000e+00 1.0934406774e+01
1.2330012532e+00 1.0679072051e-03 2.3382568359e-02 1.1874623268e+01 1.1546085256e+00 1.1261110069e+01 1.9669964807e+01 2.0365982461e-01 1.7638863745e-01 1.1526915220e+00 1.0000000000e+00 0.0000000000e+00 1.0940867009e+01
1.2560873782e+00 1.0873802904e-03 2.4029541016e-02 1.1869424798e+01 1.1786607414e+00 1.1118984907e+01 1.9672005261e+01 2.0804459932e-01 1.7650931435e-01 1.1562123145e+00 1.0000000000e+00 0.0000000000e+00 1.0954710369e+01
1.2803519708e+00 1.1070362216e-03 2.4713134766e-02 1.1866807537e+01 1.2042315231e+00 1.0975936854e+01 1.9664131850e+01 2.1249932172e-01 1.7646052080e-01 1.1599894391e+00 1.0000000000e+00 0.0000000000e+00 1.0963939276e+01
1.3031610921e+00 1.1268749987e-03 2.5384521484e-02 1.1856821572e+01 1.2283187571e+00 1.0843040599e+01 1.9655140876e+01 2.1678852664e-01 1.7649207536e-01 1.1637203455e+00 1.0000000000e+00 0.0000000000e+00 1.0966707948e+01
1.3250058534e+00 1.1468966217e-03 2.6031494141e-02 1.1853966379e+01 1.2516431094e+00 1.0711990125e+01 1.9660894522e+01 2.2075879209e-01 1.7637519068e-01 1.1673754356e+00 1.0000000000e+00 0.0000000000e+00 1.0976859745e+01
1.3452300053e+00 1.1671010905e-03 2.6678466797e-02 1.1844391388e+01 1.2731030534e+00 1.0593860120e+01 1.9651355582e+01 2.2471688140e-01 1.7651114794e-01 1.1710254074e+00 1.0000000000e+00 0.0000000000e+00 1.0984242870e+01
1.3653955584e+00 1.1874884052e-03 2.7313232422e-02 1.1838183507e+01 1.2948568457e+00 1.0479421677e+01 1.9642898155e+01 2.2839526158e-01 1.7638649580e-01 1.1746891558e+00 1.0000000000e+00 0.0000000000e+00 1.0989780214e+01
1.3865524718e+00 1.2080585658e-03 2.8021240234e-02 1.1831478129e+01 1.3176423346e+00 1.0351139875e+01 1.9639603146e+01 2.3243965151e-01 1.7640572514e-01 1.1787850173e+00 1.0000000000e+00 0.0000000000e+00 1.0987011542e+01
1.4063851562e+00 1.2288115722e-03 2.8717041016e-02 1.1819884315e+01 1.3390421777e+00 1.0239470105e+01 1.9623056005e+01 2.3632180338e-01 1.7648570547e-01 1.1828370539e+00 1.0000000000e+00 0.0000000000e+00 1.0995317558e+01
1.4253833908e+00 1.2497474245e-03 2.9388427734e-02 1.1810468848e+01 1.3597740745e+00 1.0120418111e+01 1.9619342812e+01 2.3990185138e-01 1.7642772860e-01 1.1868119698e+00 1.0000000000e+00 0.0000000000e+00 1.0996241350e+01
1.4432644321e+00 1.2708661227e-03 3.0047607422e-02 1.1803417386e+01 1.3793399922e+00 1.0014285684e+01 1.9603264327e+01 2.4332662751e-01 1.7640801316e-01 1.1907478505e+00 1.0000000000e+00 0.0000000000e+00 1.0992549787e+01
1.4601204191e+00 1.2921676668e-03 3.0694580078e-02 1.1794015438e+01 1.3978412711e+00 9.9210737275e+00 1.9584756043e+01 2.4659688960e-01 1.7641265478e-01 1.1946462893e+00 1.0000000000e+00 0.0000000000e+00 1.0998087131e+01
1.4774478752e+00 1.3136520567e-03 3.1402587891e-02 1.1780510952e+01 1.4168244116e+00 9.8186328639e+00 1.9572960346e+01 2.5011302740e-01 1.7653071570e-01 1.1989321523e+00 1.0000000000e+00 0.0000000000e+00 1.0995318459e+01
1.4946466284e+00 1.3353192925e-03 3.2110595703e-02 1.1769818398e+01 1.4358905808e+00 9.7106546563e+00 1.9564228936e+01 2.5345668239e-01 1.7651531793e-01 1.2032871708e+00 1.0000000000e+00 0.0000000000e+00 1.0991626897e+01
1.5107655111e+00 1.3571693742e-03 3.2806396484e-02 1.1755960618e+01 1.4537960214e+00 9.6192884806e+00 1.9540003056e+01 2.5665333599e-01 1.7654012819e-01 1.2076014570e+00 1.0000000000e+00 0.0000000000e+00 1.0989781115e+01
1.5262707520e+00 1.3792023017e-03 3.3477783203e-02 1.1745087812e+01 1.4712328338e+00 9.5251536330e+00 1.9515085008e+01 2.5957590618e-01 1.7643428029e-01 1.2118369065e+00 1.0000000000e+00 0.0000000000e+00 1.0987012443e+01
1.5404993053e+00 1.4014180752e-03 3.4149169922e-02 1.1732484587e+01 1.4871157937e+00 9.4217898787e+00 1.9493000523e+01 2.6248624511e-01 1.7650693122e-01 1.2160743319e+00 1.0000000000e+00 0.0000000000e+00 1.0983320881e+01
1.5543842525e+00 1.4238166944e-03 3.4796142578e-02 1.1718879159e+01 1.5028625838e+00 9.3442670630e+00 1.9469863365e+01 2.6511627360e-01 1.7640752818e-01 1.2202407021e+00 1.0000000000e+00 0.0000000000e+00 1.0977322091e+01
1.5686813823e+00 1.4463981596e-03 3.5528564453e-02 1.1704516673e+01 1.5189310788e+00 9.2501322154e+00 1.9442299217e+01 2.6808960253e-01 1.7649885914e-01 1.2249535026e+00 1.0000000000e+00 0.0000000000e+00 1.0967631739e+01
1.5823997743e+00 1.4691624706e-03 3.6236572266e-02 1.1691430372e+01 1.5345359606e+00 9.1633804931e+00 1.9414900900e+01 2.7080441868e-01 1.7647316559e-01 1.2295836404e+00 1.0000000000e+00 0.0000000000e+00 1.0965785958e+01
1.5952551446e+00 1.4921096275e-03 3.6932373047e-02 1.1676974155e+01 1.5491916788e+00 9.0738600987e+00 1.9387870298e+01 2.7338907274e-01 1.7647207669e-01 1.2341739325e+00 1.0000000000e+00 0.0000000000e+00 1.0955634161e+01
1.6073248884e+00 1.5152396303e-03 3.7615966797e-02 1.1660996611e+01 1.5629860386e+00 8.9954143924e+00 1.9347032386e+01 2.7584577657e-01 1.7648639832e-01 1.2387254759e+00 1.0000000000e+00 0.0000000000e+00 1.0952404044e+01
1.6185021408e+00 1.5385524790e-03 3.8293457031e-02 1.1646569234e+01 1.5757212540e+00 8.9114313420e+00 1.9323498674e+01 2.7823433563e-01 1.7657586005e-01 1.2432608304e+00 1.0000000000e+00 0.0000000000e+00 1.0941790801e+01
1.6294369830e+00 1.5620481735e-03 3.8952636719e-02 1.1631889504e+01 1.5883629758e+00 8.8366771983e+00 1.9285292443e+01 2.8040945470e-01 1.7653990868e-01 1.2477532081e+00 1.0000000000e+00 0.0000000000e+00 1.0936253457e+01
1.6412933223e+00 1.5857267139e-03 3.9660644531e-02 1.1616726699e+01 1.6022804806e+00 8.7499254760e+00 1.9228404885e+01 2.8257684704e-01 1.7635916462e-01 1.2526686446e+00 1.0000000000e+00 0.0000000000e+00 1.0926101660e+01
1.6513579391e+00 1.6095881001e-03 4.0393066406e-02 1.1599855104e+01 1.6137060363e+00 8.6696339883e+00 1.9188951310e+01 2.8496189176e-01 1.7658847730e-01 1.2576780784e+00 1.0000000000e+00 0.0000000000e+00 1.0911796854e+01
1.6617827617e+00 1.6336323323e-03 4.1076660156e-02 1.1586444349e+01 1.6260117579e+00 8.5902653913e+00 1.9135776945e+01 2.8690115800e-01 1.7644470073e-01 1.2625118521e+00 1.0000000000e+00 0.0000000000e+00 1.0906259510e+01
1.6712459490e+00 1.6578594103e-03 4.1760253906e-02 1.1570185611e+01 1.6370831687e+00 8.5164341382e+00 1.9084506043e+01 2.8883918999e-01 1.7643525723e-01 1.2673516106e+00 1.0000000000e+00 0.0000000000e+00 1.0891954705e+01
1.6798150212e+00 1.6822693342e-03 4.2443847656e-02 1.1553948504e+01 1.6470048859e+00 8.4546004638e+00 1.9020307461e+01 2.9077296506e-01 1.7654651030e-01 1.2721992745e+00 1.0000000000e+00 0.0000000000e+00 1.0884571580e+01
1.6882167753e+00 1.7068621039e-03 4.3103027344e-02 1.1537970959e+01 1.6569057758e+00 8.3909210080e+00 1.8972540659e+01 2.9249279416e-01 1.7652952776e-01 1.2769614191e+00 1.0000000000e+00 0.0000000000e+00 1.0869805329e+01
1.6969236600e+00 1.7316377195e-03 4.3811035156e-02 1.1521402188e+01 1.6672215631e+00 8.3115524110e+00 1.8906669338e+01 2.9425231495e-01 1.7649262789e-01 1.2821332036e+00 1.0000000000e+00 0.0000000000e+00 1.0861037868e+01
1.7052335192e+00 1.7565961810e-03 4.4519042969e-02 1.1504674794e+01 1.6770980494e+00 8.2423356113e+00 1.8833191379e+01 2.9593673073e-01 1.7645762026e-01 1.2873552817e+00 1.0000000000e+00 0.0000000000e+00 1.0852270407e+01
1.7126928715e+00 1.7817374884e-03 4.5227050781e-02 1.1488437687e+01 1.6858610592e+00 8.1666585769e+00 1.8747239976e+01 2.9762152493e-01 1.7653977077e-01 1.2925858118e+00 1.0000000000e+00 0.0000000000e+00 1.0839349937e+01
1.7199997309e+00 1.8070616416e-03 4.5910644531e-02 1.1471090226e+01 1.6945976714e+00 8.1002104491e+00 1.8678080857e+01 2.9911008155e-01 1.7650802111e-01 1.2977271509e+00 1.0000000000e+00 0.0000000000e+00 1.0830121031e+01
1.7271902095e+00 1.8325686407e-03 4.6569824219e-02 1.1457355018e+01 1.7033489677e+00 8.0411454467e+00 1.8596368983e+01 3.0040888833e-01 1.7636367769e-01 1.3027776965e+00 1.0000000000e+00 0.0000000000e+00 1.0819507788e+01
1.7330516786e+00 1.8582584857e-03 4.7253417969e-02 1.1439589372e+01 1.7101769150e+00 7.9885406789e+00 1.8515716991e+01 3.0190063903e-01 1.7653181749e-01 1.3079392183e+00 1.0000000000e+00 0.0000000000e+00 1.0804741537e+01
1.7396305605e+00 1.8841311766e-03 4.7912597656e-02 1.1424037223e+01 1.7182385052e+00 7.9220925512e+00 1.8431085033e+01 3.0307877726e-01 1.7638923603e-01 1.3130879686e+00 1.0000000000e+00 0.0000000000e+00 1.0794589740e+01
1.7453504526e+00 1.9101867133e-03 4.8645019531e-02 1.1406365309e+01 1.7249468526e+00 7.8621046580e+00 1.8328218775e+01 3.0453322219e-01 1.7654643778e-01 1.3187312918e+00 1.0000000000e+00 0.0000000000e+00 1.0776131927e+01
1.7515780625e+00 1.9364250959e-03 4.9328613281e-02 1.1390214722e+01 1.7326369974e+00 7.7984252023e+00 1.8227183877e+01 3.0562809271e-01 1.7639476310e-01 1.3241771629e+00 1.0000000000e+00 0.0000000000e+00 1.0766903020e+01
1.7565406358e+00 1.9628463244e-03 5.0036621094e-02 1.1374410219e+01 1.7384802791e+00 7.7301312932e+00 1.8129256526e+01 3.0690841219e-01 1.7653833402e-01 1.3297395501e+00 1.0000000000e+00 0.0000000000e+00 1.0755366887e+01
1.7620687772e+00 1.9894503987e-03 5.0695800781e-02 1.1358115431e+01 1.7453707004e+00 7.6802951974e+00 1.8019331596e+01 3.0784151267e-01 1.7637600575e-01 1.3351009167e+00 1.0000000000e+00 0.0000000000e+00 1.0738293410e+01
1.7664247252e+00 2.0162373189e-03 5.1379394531e-02 1.1342498391e+01 1.7505376302e+00 7.6276904296e+00 1.7911266867e+01 3.0895532969e-01 1.7649168139e-01 1.3405818153e+00 1.0000000000e+00 0.0000000000e+00 1.0727218722e+01
1.7708173079e+00 2.0432070850e-03 5.2038574219e-02 1.1326643418e+01 1.7558904747e+00 7.5713940992e+00 1.7805343533e+01 3.0990216105e-01 1.7649287670e-01 1.3459673732e+00 1.0000000000e+00 0.0000000000e+00 1.0716605479e+01
1.7750954237e+00 2.0703596970e-03 5.2722167969e-02 1.1310038596e+01 1.7611060872e+00 7.5160206594e+00 1.7695642116e+01 3.1084009827e-01 1.7650276751e-01 1.3515997327e+00 1.0000000000e+00 0.0000000000e+00 1.0705530791e+01
1.7792768304e+00 2.0976951548e-03 5.3430175781e-02 1.1292525303e+01 1.7662152056e+00 7.4486496410e+00 1.7564807944e+01 3.1175938962e-01 1.7651268579e-01 1.3574872760e+00 1.0000000000e+00 0.0000000000e+00 1.0686150087e+01
1.7834616974e+00 2.1252134585e-03 5.4113769531e-02 1.1277852784e+01 1.7714515552e+00 7.4034279985e+00 1.7448393939e+01 3.1252519202e-01 1.7642322259e-01 1.3632757816e+00 1.0000000000e+00 0.0000000000e+00 1.0675998290e+01
1.7871239996e+00 2.1529146081e-03 5.4797363281e-02 1.1261154681e+01 1.7759689294e+00 7.3462092280e+00 1.7314596423e+01 3.1330157857e-01 1.7641163276e-01 1.3690777641e+00 1.0000000000e+00 0.0000000000e+00 1.0664462607e+01
1.7903015200e+00 2.1807986035e-03 5.5480957031e-02 1.1245948616e+01 1.7798185170e+00 7.2899128975e+00 1.7196531309e+01 3.1408642651e-01 1.7647104101e-01 1.3748946083e+00 1.0000000000e+00 0.0000000000e+00 1.0652926474e+01
1.7935625176e+00 2.2088654448e-03 5.6140136719e-02 1.1231312147e+01 1.7838966073e+00 7.2483828177e+00 1.7076051042e+01 3.1472373681e-01 1.7642487547e-01 1.3806105857e+00 1.0000000000e+00 0.0000000000e+00 1.0638160223e+01
1.7963930335e+00 2.2371151320e-03 5.6799316406e-02 1.1215262501e+01 1.7873784769e+00 7.1911635966e+00 1.6953977122e+01 3.1537020894e-01 1.7644288159e-01 1.3863414758e+00 1.0000000000e+00 0.0000000000e+00 1.0627085535e+01
1.7988758200e+00 2.2655476651e-03 5.7482910156e-02 1.1200099696e+01 1.7903577564e+00 7.1487106261e+00 1.6818103102e+01 3.1605454640e-01 1.7653150342e-01 1.3922967536e+00 1.0000000000e+00 0.0000000000e+00 1.0615549402e+01
1.8020067228e+00 2.2941630440e-03 5.8166503906e-02 1.1184554756e+01 1.7943955667e+00 7.0924142956e+00 1.6690722560e+01 3.1652508264e-01 1.7639649168e-01 1.3984359345e+00 1.0000000000e+00 0.0000000000e+00 1.0602167487e+01
1.8041876453e+00 2.3229612688e-03 5.8874511719e-02 1.1168916086e+01 1.7970049356e+00 7.0471926531e+00 1.6556247297e+01 3.1715486595e-01 1.7649081517e-01 1.4047121930e+00 1.0000000000e+00 0.0000000000e+00 1.0589247018e+01
1.8064730381e+00 2.3519423395e-03 5.9558105469e-02 1.1154005633e+01 1.7998584476e+00 7.0010481200e+00 1.6432752990e+01 3.1764989553e-01 1.7648604309e-01 1.4108842719e+00 1.0000000000e+00 0.0000000000e+00 1.0576787994e+01
1.8083782514e+00 2.3811062560e-03 6.0241699219e-02 1.1140407416e+01 1.8021782677e+00 6.9530578055e+00 1.6301529474e+01 3.1815539390e-01 1.7653935773e-01 1.4170741444e+00 1.0000000000e+00 0.0000000000e+00 1.0561098853e+01
1.8104205064e+00 2.4104530184e-03 6.0900878906e-02 1.1125525804e+01 1.8047823909e+00 6.9069132723e+00 1.6178374041e+01 3.1853110809e-01 1.7649280584e-01 1.4231571837e+00 1.0000000000e+00 0.0000000000e+00 1.0551408501e+01
1.8121237243e+00 2.4399826267e-03 6.1560058594e-02 1.1111754545e+01 1.8069081163e+00 6.8736892085e+00 1.6062955027e+01 3.1891793246e-01 1.7649925283e-01 1.4292577714e+00 1.0000000000e+00 0.0000000000e+00 1.0532950688e+01
1.8139899181e+00 2.4696950809e-03 6.2194824219e-02 1.1098603353e+01 1.8093507226e+00 6.8293904566e+00 1.5940607123e+01 3.1917962646e-01 1.7640561472e-01 1.4352486361e+00 1.0000000000e+00 0.0000000000e+00 1.0523260336e+01
1.8153248232e+00 2.4995903809e-03 6.2902832031e-02 1.1084738363e+01 1.8109610688e+00 6.7850917048e+00 1.5824798765e+01 3.1957540764e-01 1.7646729858e-01 1.4418749448e+00 1.0000000000e+00 0.0000000000e+00 1.0511262757e+01
1.8164917047e+00 2.5296685268e-03 6.3610839844e-02 1.1068385894e+01 1.8123563267e+00 6.7371013903e+00 1.5699328896e+01 3.1994401126e-01 1.7653482736e-01 1.4485541437e+00 1.0000000000e+00 0.0000000000e+00 1.0499726624e+01
1.8178060695e+00 2.5599295186e-03 6.4294433594e-02 1.1055227492e+01 1.8140400851e+00 6.6909568572e+00 1.5584284806e+01 3.2019425105e-01 1.7650891713e-01 1.4551230509e+00 1.0000000000e+00 0.0000000000e+00 1.0488651936e+01
1.8188193643e+00 2.5903733562e-03 6.4978027344e-02 1.1042429594e+01 1.8152937380e+00 6.6568099026e+00 1.5459435004e+01 3.2045687505e-01 1.7653169201e-01 1.4617125888e+00 1.0000000000e+00 0.0000000000e+00 1.0478038693e+01
1.8197782904e+00 2.6210000397e-03 6.5649414062e-02 1.1029256772e+01 1.8165066174e+00 6.6097424788e+00 1.5355386292e+01 3.2066791565e-01 1.7653000136e-01 1.4682563324e+00 1.0000000000e+00 0.0000000000e+00 1.0465118224e+01
1.8211392992e+00 2.6518095691e-03 6.6284179688e-02 1.1018059513e+01 1.8184019518e+00 6.5765184149e+00 1.5246600555e+01 3.2070563533e-01 1.7636674609e-01 1.4746168496e+00 1.0000000000e+00 0.0000000000e+00 1.0450813419e+01
1.8213613909e+00 2.6828019444e-03 6.6967773438e-02 1.1003012069e+01 1.8185235127e+00 6.5396027884e+00 1.5143352162e+01 3.2100050964e-01 1.7651710709e-01 1.4812714973e+00 1.0000000000e+00 0.0000000000e+00 1.0439738731e+01
1.8223048349e+00 2.7139771655e-03 6.7602539063e-02 1.0991461515e+01 1.8198286366e+00 6.4897666926e+00 1.5036181484e+01 3.2104376670e-01 1.7641428443e-01 1.4876902674e+00 1.0000000000e+00 0.0000000000e+00 1.0430048379e+01
1.8223597706e+00 2.7453352325e-03 6.8334960937e-02 1.0977747937e+01 1.8197408292e+00 6.4510052848e+00 1.4928268167e+01 3.2130045086e-01 1.7656385223e-01 1.4949426437e+00 1.0000000000e+00 0.0000000000e+00 1.0418512246e+01
1.8230219395e+00 2.7768761454e-03 6.9018554688e-02 1.0967769182e+01 1.8206561267e+00 6.4159354396e+00 1.4830427336e+01 3.2133421183e-01 1.7649363168e-01 1.5019387556e+00 1.0000000000e+00 0.0000000000e+00 1.0408360448e+01
1.8234425104e+00 2.8085999042e-03 6.9702148438e-02 1.0955814864e+01 1.8212206848e+00 6.3771740317e+00 1.4726176742e+01 3.2138212645e-01 1.7646522968e-01 1.5089583141e+00 1.0000000000e+00 0.0000000000e+00 1.0398670096e+01
1.8236392822e+00 2.8405065088e-03 7.0385742187e-02 1.0942202226e+01 1.8214607908e+00 6.3439499678e+00 1.4628292651e+01 3.2144271530e-01 1.7647523181e-01 1.5160024751e+00 1.0000000000e+00 0.0000000000e+00 1.0388979744e+01
1.8236286389e+00 2.8725959593e-03 7.1069335938e-02 1.0932367673e+01 1.8214000525e+00 6.3070343413e+00 1.4525887838e+01 3.2151450776e-01 1.7652053282e-01 1.5230723496e+00 1.0000000000e+00 0.0000000000e+00 1.0378827947e+01
1.8242330821e+00 2.9048682556e-03 7.1704101563e-02 1.0919923069e+01 1.8223433330e+00 6.2738102774e+00 1.4434709124e+01 3.2137809686e-01 1.7635430769e-01 1.5298727952e+00 1.0000000000e+00 0.0000000000e+00 1.0370060486e+01
1.8238428462e+00 2.9373233979e-03 7.2387695312e-02 1.0909043053e+01 1.8217308514e+00 6.2341259789e+00 1.4351173099e+01 3.2147152308e-01 1.7646488384e-01 1.5369942030e+00 1.0000000000e+00 0.0000000000e+00 1.0353448454e+01
1.8240766746e+00 2.9699613860e-03 7.3022460938e-02 1.0898920096e+01 1.8221322196e+00 6.1981332431e+00 1.4262748637e+01 3.2136051730e-01 1.7636509242e-01 1.5438422610e+00 1.0000000000e+00 0.0000000000e+00 1.0344219547e+01
1.8234395804e+00 3.0027822200e-03 7.3754882813e-02 1.0887881459e+01 1.8211773890e+00 6.1741380858e+00 1.4175888764e+01 3.2144083091e-01 1.7650165923e-01 1.5515719571e+00 1.0000000000e+00 0.0000000000e+00 1.0334990641e+01
1.8235048822e+00 3.0357858998e-03 7.4438476563e-02 1.0877232166e+01 1.8213610648e+00 6.1372224593e+00 1.4084515378e+01 3.2129501875e-01 1.7640380315e-01 1.5590568379e+00 1.0000000000e+00 0.0000000000e+00 1.0325300289e+01
1.8226260223e+00 3.0689724255e-03 7.5170898438e-02 1.0866597293e+01 1.8200681050e+00 6.0947694888e+00 1.4003373101e+01 3.2136588943e-01 1.7656805728e-01 1.5668810542e+00 1.0000000000e+00 0.0000000000e+00 1.0317455718e+01
1.8223486664e+00 3.1023417971e-03 7.5854492188e-02 1.0856986252e+01 1.8197484566e+00 6.0661598782e+00 1.3919736134e+01 3.2124472668e-01 1.7653249025e-01 1.5744252450e+00 1.0000000000e+00 0.0000000000e+00 1.0307765366e+01
1.8219145702e+00 3.1358940146e-03 7.6538085938e-02 1.0847094017e+01 1.8191978702e+00 6.0301671424e+00 1.3844794528e+01 3.2113541172e-01 1.7652582877e-01 1.5819991841e+00 1.0000000000e+00 0.0000000000e+00 1.0299459350e+01
1.8213352819e+00 3.1696290779e-03 7.7221679688e-02 1.0837627178e+01 1.8184341377e+00 6.0043262038e+00 1.3766694906e+01 3.2103676411e-01 1.7654571999e-01 1.5896039411e+00 1.0000000000e+00 0.0000000000e+00 1.0290691889e+01
1.8213496706e+00 3.2035469871e-03 7.7856445313e-02 1.0828261280e+01 1.8186248592e+00 5.9664876866e+00 1.3700823585e+01 3.2075735568e-01 1.7637356823e-01 1.5969155578e+00 1.0000000000e+00 0.0000000000e+00 1.0283308763e+01
1.8205035956e+00 3.2376477422e-03 7.8540039063e-02 1.0820164356e+01 1.8174675426e+00 5.9378780761e+00 1.3617128938e+01 3.2067947883e-01 1.7644302928e-01 1.6045816743e+00 1.0000000000e+00 0.0000000000e+00 1.0275464193e+01
1.8198250026e+00 3.2719313432e-03 7.9223632813e-02 1.0810639836e+01 1.8165948801e+00 5.9101913562e+00 1.3546982037e+01 3.2052524308e-01 1.7644288586e-01 1.6123786230e+00 1.0000000000e+00 0.0000000000e+00 1.0267619622e+01
1.8188700999e+00 3.3063977900e-03 7.9956054688e-02 1.0802052627e+01 1.8153113831e+00 5.8825046363e+00 1.3475659893e+01 3.2039863484e-01 1.7649789332e-01 1.6207363519e+00 1.0000000000e+00 0.0000000000e+00 1.0259313606e+01
1.8184867373e+00 3.3410470827e-03 8.0639648438e-02 1.0793732191e+01 1.8149433718e+00 5.8483576817e+00 1.3401980052e+01 3.2010255534e-01 1.7637054705e-01 1.6287939710e+00 1.0000000000e+00 0.0000000000e+00 1.0251930481e+01
1.8172841276e+00 3.3758792213e-03 8.1372070313e-02 1.0785029620e+01 1.8132936029e+00 5.8132878365e+00 1.3338661100e+01 3.1999649315e-01 1.7647252085e-01 1.6372269139e+00 1.0000000000e+00 0.0000000000e+00 1.0244547356e+01
1.8166571042e+00 3.4108942057e-03 8.2055664063e-02 1.0776889436e+01 1.8125625003e+00 5.7865240073e+00 1.3274952804e+01 3.1972428478e-01 1.7639352283e-01 1.6453548743e+00 1.0000000000e+00 0.0000000000e+00 1.0237164230e+01
1.8152437476e+00 3.4460920360e-03 8.2788085938e-02 1.0768857403e+01 1.8106020765e+00 5.7532999434e+00 1.3209261735e+01 3.1963424462e-01 1.7653478297e-01 1.6538678610e+00 1.0000000000e+00 0.0000000000e+00 1.0229781105e+01
1.8144082593e+00 3.4814727122e-03 8.3471679687e-02 1.0762123186e+01 1.8095611651e+00 5.7293047862e+00 1.3140448700e+01 3.1938145048e-01 1.7649663169e-01 1.6620707093e+00 1.0000000000e+00 0.0000000000e+00 1.0222397980e+01
1.8134766389e+00 3.5170362343e-03 8.4155273438e-02 1.0755432228e+01 1.8083771713e+00 5.7025409570e+00 1.3083388101e+01 3.1913825093e-01 1.7647770387e-01 1.6703108108e+00 1.0000000000e+00 0.0000000000e+00 1.0215937745e+01
1.8124560227e+00 3.5527826022e-03 8.4838867188e-02 1.0749390179e+01 1.8070607498e+00 5.6720855651e+00 1.3025476712e+01 3.1890359329e-01 1.7647640973e-01 1.6785892025e+00 1.0000000000e+00 0.0000000000e+00 1.0206247393e+01
1.8116357346e+00 3.5887118160e-03 8.5522460937e-02 1.0742021473e+01 1.8060766271e+00 5.6462446265e+00 1.2953447980e+01 3.1858857742e-01 1.7639815091e-01 1.6870220581e+00 1.0000000000e+00 0.0000000000e+00 1.0200710049e+01
1.8098945176e+00 3.6248238757e-03 8.6303710938e-02 1.0735229575e+01 1.8036713578e+00 5.6277868133e+00 1.2894094574e+01 3.1845835083e-01 1.7656118419e-01 1.6964182358e+00 1.0000000000e+00 0.0000000000e+00 1.0196095596e+01
1.8087107085e+00 3.6611187812e-03 8.7036132813e-02 1.0729764332e+01 1.8021482996e+00 5.5991772027e+00 1.2832174378e+01 3.1817760124e-01 1.7655461612e-01 1.7054946943e+00 1.0000000000e+00 0.0000000000e+00 1.0187789580e+01
