# M_T	 rho_0	 phi_0	 R_F	 N_F	 R_B	 R_B_0	 N_B	 N_B/N_F	 omega	 mu	 lambda	 R_G	 
4.7614835511e-01 4.0679097569e-05 2.1066188812e-03 7.3832728233e+02 4.3228559656e-01 1.9565267638e+01 1.9658450304e+01 4.8029209332e-02 1.1110527326e-01 1.0108386923e+00 1.0000000000e+00 0.0000000000e+00 7.2649951559e+02
4.7610414705e-01 4.0770520505e-05 2.1060943604e-03 7.3832728233e+02 4.3227158030e-01 1.9565267638e+01 1.9658753128e+01 4.7998583776e-02 1.1103802786e-01 1.0108436432e+00 1.0000000000e+00 0.0000000000e+00 7.2649951559e+02
4.7556336739e-01 4.1044789312e-05 2.1053314209e-03 7.3832728233e+02 4.3178487093e-01 1.9565267638e+01 1.9659639968e+01 4.7939018845e-02 1.1102523982e-01 1.0108601511e+00 1.0000000000e+00 0.0000000000e+00 7.2652904809e+02
4.7446673458e-01 4.1501903992e-05 2.1053314209e-03 7.3831989920e+02 4.3076100060e-01 1.9557884513e+01 1.9659510186e+01 4.7855181869e-02 1.1109450903e-01 1.0108901363e+00 1.0000000000e+00 0.0000000000e+00 7.2656596372e+02
4.7292124339e-01 4.2141864543e-05 2.1033063438e-03 7.3832728233e+02 4.2931104103e-01 1.9565267638e+01 1.9657815817e+01 4.7743861681e-02 1.1121042116e-01 1.0109273603e+00 1.0000000000e+00 0.0000000000e+00 7.2663241185e+02
4.7105989337e-01 4.2964670966e-05 2.1016403050e-03 7.3832728233e+02 4.2758047416e-01 1.9565267638e+01 1.9657988859e+01 4.7594166553e-02 1.1131043027e-01 1.0109764307e+00 1.0000000000e+00 0.0000000000e+00 7.2670624310e+02
4.6950216118e-01 4.3970323261e-05 2.0961761475e-03 7.3832728233e+02 4.2625849511e-01 1.9580033889e+01 1.9671017479e+01 4.7342504254e-02 1.1106524514e-01 1.0110321360e+00 1.0000000000e+00 0.0000000000e+00 7.2676530810e+02
4.6730635555e-01 4.5158821427e-05 2.0943036874e-03 7.3832728233e+02 4.2430617182e-01 1.9565267638e+01 1.9661968825e+01 4.7076948297e-02 1.1095042077e-01 1.0111060667e+00 1.0000000000e+00 0.0000000000e+00 7.2685390561e+02
4.6420398012e-01 4.6530165465e-05 2.0922660828e-03 7.3831989920e+02 4.2142310883e-01 1.9557884513e+01 1.9660923363e+01 4.6826260545e-02 1.1111460089e-01 1.0111894891e+00 1.0000000000e+00 0.0000000000e+00 7.2696465249e+02
4.6115621024e-01 4.8084355375e-05 2.0870208740e-03 7.3832728233e+02 4.1867007748e-01 1.9565267638e+01 1.9662459111e+01 4.6500613106e-02 1.1106743856e-01 1.0112797358e+00 1.0000000000e+00 0.0000000000e+00 7.2707539937e+02
4.5753224801e-01 4.9821391157e-05 2.0824432373e-03 7.3832728233e+02 4.1535898888e-01 1.9565267638e+01 1.9663836236e+01 4.6151104504e-02 1.1111136569e-01 1.0113831334e+00 1.0000000000e+00 0.0000000000e+00 7.2720829562e+02
4.5374801943e-01 5.1741272810e-05 2.0763874054e-03 7.3831989920e+02 4.1191901248e-01 1.9572650764e+01 1.9663547833e+01 4.5768572395e-02 1.1111060915e-01 1.0114918945e+00 1.0000000000e+00 0.0000000000e+00 7.2733380875e+02
4.4967837860e-01 5.3844000335e-05 2.0706195109e-03 7.3832728233e+02 4.0826969219e-01 1.9565267638e+01 1.9664218371e+01 4.5307322998e-02 1.1097400533e-01 1.0116189687e+00 1.0000000000e+00 0.0000000000e+00 7.2747408813e+02
4.4460061682e-01 5.6129573732e-05 2.0641326904e-03 7.3831989920e+02 4.0356918979e-01 1.9572650764e+01 1.9669178908e+01 4.4878804621e-02 1.1120473455e-01 1.0117515387e+00 1.0000000000e+00 0.0000000000e+00 7.2762913376e+02
4.3992691866e-01 5.8597993001e-05 2.0557649219e-03 7.3831989920e+02 3.9940199516e-01 1.9572650764e+01 1.9669640354e+01 4.4325361188e-02 1.1097931839e-01 1.0118976236e+00 1.0000000000e+00 0.0000000000e+00 7.2777679627e+02
4.3408247173e-01 6.1249258141e-05 2.0474524155e-03 7.3832728233e+02 3.9402549046e-01 1.9580033889e+01 1.9671536605e+01 4.3798630739e-02 1.1115684594e-01 1.0120528218e+00 1.0000000000e+00 0.0000000000e+00 7.2794660815e+02
4.2809012159e-01 6.4083369153e-05 2.0403708007e-03 7.3831989920e+02 3.8859936302e-01 1.9557884513e+01 1.9660808001e+01 4.3172607241e-02 1.1109798767e-01 1.0122280646e+00 1.0000000000e+00 0.0000000000e+00 7.2811642003e+02
4.2119748586e-01 6.7100326037e-05 2.0292791466e-03 7.3831989920e+02 3.8226402823e-01 1.9572650764e+01 1.9661565060e+01 4.2546145944e-02 1.1130041752e-01 1.0124059329e+00 1.0000000000e+00 0.0000000000e+00 7.2829361504e+02
4.1424720802e-01 7.0300128793e-05 2.0179748535e-03 7.3832728233e+02 3.7599017024e-01 1.9565267638e+01 1.9664672606e+01 4.1800445569e-02 1.1117430422e-01 1.0126029634e+00 1.0000000000e+00 0.0000000000e+00 7.2847819317e+02
4.0673130821e-01 7.3682777420e-05 2.0041180101e-03 7.3831989920e+02 3.6918396115e-01 1.9572650764e+01 1.9669114017e+01 4.1015795904e-02 1.1109853141e-01 1.0128063158e+00 1.0000000000e+00 0.0000000000e+00 7.2863323880e+02
3.9781826031e-01 7.7248271919e-05 1.9891784800e-03 7.3832728233e+02 3.6102659720e-01 1.9580033889e+01 1.9671060740e+01 4.0171371558e-02 1.1126983959e-01 1.0130308075e+00 1.0000000000e+00 0.0000000000e+00 7.2883258319e+02
3.8899612472e-01 8.0996612290e-05 1.9735745253e-03 7.3831620764e+02 3.5305934395e-01 1.9568959201e+01 1.9659236203e+01 3.9229114824e-02 1.1111195751e-01 1.0132650860e+00 1.0000000000e+00 0.0000000000e+00 7.2899870351e+02
3.7874171891e-01 8.4927798533e-05 1.9549727440e-03 7.3832728233e+02 3.4374343200e-01 1.9565267638e+01 1.9663180119e+01 3.8189169338e-02 1.1109788808e-01 1.0135220837e+00 1.0000000000e+00 0.0000000000e+00 7.2917220695e+02
3.6791620282e-01 8.9041830648e-05 1.9331455231e-03 7.3832359077e+02 3.3390381734e-01 1.9561576076e+01 1.9667023093e+01 3.7096263743e-02 1.1109865122e-01 1.0137832634e+00 1.0000000000e+00 0.0000000000e+00 7.2933094415e+02
3.5923894001e-01 9.3338708634e-05 1.9161212398e-03 7.3832728233e+02 3.2599685022e-01 1.9565267638e+01 1.9668811194e+01 3.6240416073e-02 1.1116799456e-01 1.0139886524e+00 1.0000000000e+00 0.0000000000e+00 7.2945276571e+02
3.5161498075e-01 9.7818432492e-05 1.9002914429e-03 7.3832359077e+02 3.1910101423e-01 1.9561576076e+01 1.9669669194e+01 3.5437383708e-02 1.1105381095e-01 1.0141806857e+00 1.0000000000e+00 0.0000000000e+00 7.2955243791e+02
3.4581135059e-01 1.0248100222e-04 1.8899917603e-03 7.3832359077e+02 3.1381727179e-01 1.9546809825e+01 1.9658104220e+01 3.4860636386e-02 1.1108577991e-01 1.0143279246e+00 1.0000000000e+00 0.0000000000e+00 7.2962626916e+02
3.4060686711e-01 1.0732641782e-04 1.8789291382e-03 7.3831620764e+02 3.0906400085e-01 1.9554192950e+01 1.9659769749e+01 3.4358278620e-02 1.1116881463e-01 1.0144628990e+00 1.0000000000e+00 0.0000000000e+00 7.2966318478e+02
3.2971389712e-01 1.1235467930e-04 1.8564224243e-03 7.3831989920e+02 2.9917575548e-01 1.9543118262e+01 1.9661067564e+01 3.3247016025e-02 1.1112871085e-01 1.0147624024e+00 1.0000000000e+00 0.0000000000e+00 7.2978500635e+02
3.1747375177e-01 1.1756578664e-04 1.8278121948e-03 7.3831989920e+02 2.8805401842e-01 1.9557884513e+01 1.9664845648e+01 3.2008898347e-02 1.1112116582e-01 1.0150812512e+00 1.0000000000e+00 0.0000000000e+00 7.2987360386e+02
3.0363264221e-01 1.2295973986e-04 1.7953872681e-03 7.3832359077e+02 2.7547888591e-01 1.9561576076e+01 1.9671212152e+01 3.0608034450e-02 1.1110845882e-01 1.0154286249e+00 1.0000000000e+00 0.0000000000e+00 7.2996589292e+02
2.8906328711e-01 1.2853653895e-04 1.7610549927e-03 7.3831436186e+02 2.6223605457e-01 1.9552347169e+01 1.9659048741e+01 2.9139977536e-02 1.1112117128e-01 1.0157802056e+00 1.0000000000e+00 0.0000000000e+00 7.3001572902e+02
2.7230352223e-01 1.3429618391e-04 1.7193835796e-03 7.3831620764e+02 2.4696798528e-01 1.9554192950e+01 1.9663151279e+01 2.7485747870e-02 1.1129275658e-01 1.0161653348e+00 1.0000000000e+00 0.0000000000e+00 7.3003234105e+02
2.5519795361e-01 1.4023867474e-04 1.6720533371e-03 7.3831989920e+02 2.3146546589e-01 1.9557884513e+01 1.9666756320e+01 2.5717283075e-02 1.1110635004e-01 1.0165556974e+00 1.0000000000e+00 0.0000000000e+00 7.2999173386e+02
2.3597817432e-01 1.4636401144e-04 1.6176223755e-03 7.3831436186e+02 2.1401191231e-01 1.9552347169e+01 1.9657440893e+01 2.3765651518e-02 1.1104826484e-01 1.0169791215e+00 1.0000000000e+00 0.0000000000e+00 7.2983853401e+02
2.1551737959e-01 1.5267219402e-04 1.5558242798e-03 7.3831805342e+02 1.9540852119e-01 1.9556038732e+01 1.9662653783e+01 2.1711161571e-02 1.1110652411e-01 1.0174163076e+00 1.0000000000e+00 0.0000000000e+00 7.2954690056e+02
1.9378648196e-01 1.5916322246e-04 1.4850378036e-03 7.3832174499e+02 1.7566429510e-01 1.9559730294e+01 1.9667715261e+01 1.9515495513e-02 1.1109540218e-01 1.0178780192e+00 1.0000000000e+00 0.0000000000e+00 7.2898947460e+02
1.7067185366e-01 1.6583709678e-04 1.4051437378e-03 7.3831989920e+02 1.5466035184e-01 1.9543118262e+01 1.9659077581e+01 1.7182785706e-02 1.1110013330e-01 1.0183702242e+00 1.0000000000e+00 0.0000000000e+00 7.2789492627e+02
1.4765839844e-01 1.7269381697e-04 1.3160705566e-03 7.3832174499e+02 1.3374945382e-01 1.9559730294e+01 1.9663879497e+01 1.4858806109e-02 1.1109433111e-01 1.0188742368e+00 1.0000000000e+00 0.0000000000e+00 7.2571136697e+02
1.2384287096e-01 1.7973338304e-04 1.2165069580e-03 7.3831989920e+02 1.1210136714e-01 1.9557884513e+01 1.9669085177e+01 1.2461659640e-02 1.1116420752e-01 1.0194371384e+00 1.0000000000e+00 0.0000000000e+00 7.1956676093e+02
1.0312986334e-01 1.8695579497e-04 1.1205673218e-03 6.9785297499e+02 9.3287284731e-02 1.9550486967e+01 1.9660548438e+01 1.0361508459e-02 1.1107096202e-01 1.0200106052e+00 1.0000000000e+00 0.0000000000e+00 6.5383478192e+02
8.9875254560e-02 1.9436105278e-04 1.0593414307e-03 3.0017413210e+02 8.1236040628e-02 1.9554178530e+01 1.9666893312e+01 9.0272314947e-03 1.1112347949e-01 1.0207084221e+00 1.0000000000e+00 0.0000000000e+00 1.6684752836e+02
8.9403998816e-02 2.0194915645e-04 1.0723114014e-03 1.5554866450e+02 8.0812093377e-02 1.9557884513e+01 1.9671060740e+01 8.9742522190e-03 1.1105085692e-01 1.0214770266e+00 1.0000000000e+00 0.0000000000e+00 4.9710568259e+01
9.1397688883e-02 2.0972010600e-04 1.1028289795e-03 1.0066710380e+02 8.2623417393e-02 1.9537580918e+01 1.9663418052e+01 9.1766222341e-03 1.1106563398e-01 1.0223034057e+00 1.0000000000e+00 0.0000000000e+00 2.8485928788e+01
9.4315591974e-02 2.1767390143e-04 1.1402130127e-03 7.3618577223e+01 8.5275552900e-02 1.9544964044e+01 1.9670519984e+01 9.4733943621e-03 1.1109156188e-01 1.0231732486e+00 1.0000000000e+00 0.0000000000e+00 2.0696731591e+01
9.7571848063e-02 2.2581054272e-04 1.1804580688e-03 5.8659045910e+01 8.8244852369e-02 1.9536658028e+01 1.9662322119e+01 9.7968674138e-03 1.1101913767e-01 1.0240311000e+00 1.0000000000e+00 0.0000000000e+00 1.9315164269e+01
1.0154455024e-01 2.3413002988e-04 1.2290954590e-03 4.8145872030e+01 9.1849010040e-02 1.9543118262e+01 1.9669157278e+01 1.0212224781e-02 1.1118491943e-01 1.0249967801e+00 1.0000000000e+00 0.0000000000e+00 1.8982000739e+01
1.0562731414e-01 2.4263236292e-04 1.2783050537e-03 4.1317865459e+01 9.5579626309e-02 1.9517277324e+01 1.9660065363e+01 1.0615208114e-02 1.1106141052e-01 1.0259406509e+00 1.0000000000e+00 0.0000000000e+00 1.8734666041e+01
1.1009442394e-01 2.5131754183e-04 1.3317108154e-03 3.6248960592e+01 9.9652603515e-02 1.9527429121e+01 1.9668868875e+01 1.1067765308e-02 1.1106348372e-01 1.0269300363e+00 1.0000000000e+00 0.0000000000e+00 1.8567622831e+01
1.1500841202e-01 2.6018556661e-04 1.3923645020e-03 3.2312132536e+01 1.0412080795e-01 1.9522814668e+01 1.9661658791e+01 1.1581363630e-02 1.1123005918e-01 1.0279769936e+00 1.0000000000e+00 0.0000000000e+00 1.8430112123e+01
1.1992059703e-01 2.6923643726e-04 1.4514923096e-03 2.9411148308e+01 1.0862054214e-01 1.9506202636e+01 1.9665999261e+01 1.2065252369e-02 1.1107707742e-01 1.0289944442e+00 1.0000000000e+00 0.0000000000e+00 1.8310136336e+01
1.2554470691e-01 2.7847015378e-04 1.5205383301e-03 2.6907692023e+01 1.1375750849e-01 1.9508971308e+01 1.9662524001e+01 1.2638577806e-02 1.1110104267e-01 1.0301236969e+00 1.0000000000e+00 0.0000000000e+00 1.8224307505e+01
1.3137258385e-01 2.8788671618e-04 1.5926361084e-03 2.4922849820e+01 1.1908839396e-01 1.9508971308e+01 1.9670592085e+01 1.3229845886e-02 1.1109265519e-01 1.0312576638e+00 1.0000000000e+00 0.0000000000e+00 1.8135710001e+01
1.3719057121e-01 2.9748612445e-04 1.6654968262e-03 2.3367642061e+01 1.2440879080e-01 1.9496050838e+01 1.9664276052e+01 1.3826545506e-02 1.1113801056e-01 1.0323600892e+00 1.0000000000e+00 0.0000000000e+00 1.8063724529e+01
1.4411215536e-01 3.0726837858e-04 1.7524719238e-03 2.1888954916e+01 1.3076106085e-01 1.9475747244e+01 1.9659647178e+01 1.4520513294e-02 1.1104615701e-01 1.0336363664e+00 1.0000000000e+00 0.0000000000e+00 1.7969589682e+01
1.5103878565e-01 3.1723347859e-04 1.8409729004e-03 2.0715340816e+01 1.3710175350e-01 1.9483130369e+01 1.9667239396e+01 1.5238058897e-02 1.1114415759e-01 1.0348710277e+00 1.0000000000e+00 0.0000000000e+00 1.7903141554e+01
1.5808344873e-01 3.2738142448e-04 1.9321441650e-03 1.9741669536e+01 1.4356931864e-01 1.9457289431e+01 1.9661788573e+01 1.5956558897e-02 1.1114184457e-01 1.0360973700e+00 1.0000000000e+00 0.0000000000e+00 1.7818235613e+01
1.6640950954e-01 3.3771221623e-04 2.0408630371e-03 1.8803219513e+01 1.5121595095e-01 1.9438153870e+01 1.9658911750e+01 1.6812618540e-02 1.1118283775e-01 1.0375004290e+00 1.0000000000e+00 0.0000000000e+00 1.7713948968e+01
1.7468658790e-01 3.4822585386e-04 2.1476745605e-03 1.8035561944e+01 1.5884939744e-01 1.9438326912e+01 1.9668349749e+01 1.7641981327e-02 1.1106105287e-01 1.0388495072e+00 1.0000000000e+00 0.0000000000e+00 1.7621659902e+01
1.8314111049e-01 3.5892233735e-04 2.2605895996e-03 1.7383626211e+01 1.6662382837e-01 1.9421354375e+01 1.9665667598e+01 1.8522378241e-02 1.1116284161e-01 1.0401895332e+00 1.0000000000e+00 0.0000000000e+00 1.7516508047e+01
1.9323037634e-01 3.6980166672e-04 2.3948669434e-03 1.6742217201e+01 1.7594696609e-01 1.9400113470e+01 1.9662170707e+01 1.9541966698e-02 1.1106736952e-01 1.0417360906e+00 1.0000000000e+00 0.0000000000e+00 1.7377137136e+01
2.0325989159e-01 3.8086384196e-04 2.5302886963e-03 1.6203342784e+01 1.8521488007e-01 1.9378072245e+01 1.9658507985e+01 2.0570618164e-02 1.1106352878e-01 1.0432173011e+00 1.0000000000e+00 0.0000000000e+00 1.7236965907e+01
2.1319497390e-01 3.9210886308e-04 2.6649475098e-03 1.5759554947e+01 1.9440048505e-01 1.9362505676e+01 1.9669734085e+01 2.1599339723e-02 1.1110743740e-01 1.0446392422e+00 1.0000000000e+00 0.0000000000e+00 1.7103269332e+01
2.2555362496e-01 4.0353673006e-04 2.8335571289e-03 1.5296912741e+01 2.0585511473e-01 1.9342850988e+01 1.9670909328e+01 2.2871931669e-02 1.1110693897e-01 1.0463456286e+00 1.0000000000e+00 0.0000000000e+00 1.6921185888e+01
2.3779588721e-01 4.1514744292e-04 3.0014038086e-03 1.4915967990e+01 2.1724230727e-01 1.9301515581e+01 1.9669467312e+01 2.4115512476e-02 1.1100744040e-01 1.0479694176e+00 1.0000000000e+00 0.0000000000e+00 1.6732187975e+01
2.4988533751e-01 4.2694100165e-04 3.1700134277e-03 1.4597895165e+01 2.2846064696e-01 1.9278767768e+01 1.9666229984e+01 2.5392249208e-02 1.1114495886e-01 1.0495178744e+00 1.0000000000e+00 0.0000000000e+00 1.6561777656e+01
2.6425382110e-01 4.3891740625e-04 3.3706665039e-03 1.4279988172e+01 2.4184394722e-01 1.9226653286e+01 1.9668515581e+01 2.6889475633e-02 1.1118523305e-01 1.0512956942e+00 1.0000000000e+00 0.0000000000e+00 1.6332468166e+01
2.7925932220e-01 4.5107665672e-04 3.5781860352e-03 1.4007987779e+01 2.5588246287e-01 1.9176146652e+01 1.9670145059e+01 2.8425283285e-02 1.1108726626e-01 1.0530702179e+00 1.0000000000e+00 0.0000000000e+00 1.6090000275e+01
2.9403217296e-01 4.6341875306e-04 3.7857055664e-03 1.3773948475e+01 2.6969257660e-01 1.9134068606e+01 1.9669986438e+01 2.9981940242e-02 1.1117080277e-01 1.0547539624e+00 1.0000000000e+00 0.0000000000e+00 1.5855960971e+01
3.1001129083e-01 4.7594369528e-04 4.0084838867e-03 1.3569153269e+01 2.8469924865e-01 1.9062169655e+01 1.9671046320e+01 3.1635873188e-02 1.1112032553e-01 1.0565166782e+00 1.0000000000e+00 0.0000000000e+00 1.5592100762e+01
3.2831307944e-01 4.8865148336e-04 4.2648315430e-03 1.3369556533e+01 3.0191713070e-01 1.8980717344e+01 1.9662307699e+01 3.3549742238e-02 1.1112235387e-01 1.0584499449e+00 1.0000000000e+00 0.0000000000e+00 1.5303920942e+01
3.4629434856e-01 5.0154211732e-04 4.5150756836e-03 1.3199715810e+01 3.1889767336e-01 1.8884693455e+01 1.9665984841e+01 3.5417387724e-02 1.1106191949e-01 1.0602730055e+00 1.0000000000e+00 0.0000000000e+00 1.5015935795e+01
3.6388283412e-01 5.1461559715e-04 4.7622680664e-03 1.3064959353e+01 3.3549961203e-01 1.8794250170e+01 1.9666042522e+01 3.7300988054e-02 1.1118042083e-01 1.0620024101e+00 1.0000000000e+00 0.0000000000e+00 1.4748297503e+01
3.8518082213e-01 5.2787192285e-04 5.0582885742e-03 1.2926042678e+01 3.5571499017e-01 1.8670085325e+01 1.9673447278e+01 3.9536954028e-02 1.1114784341e-01 1.0640247657e+00 1.0000000000e+00 0.0000000000e+00 1.4417405150e+01
4.0686349576e-01 5.4131109443e-04 5.3573608398e-03 1.2815562572e+01 3.7637704289e-01 1.8515320887e+01 1.9666042522e+01 4.1806366083e-02 1.1107575999e-01 1.0659976536e+00 1.0000000000e+00 0.0000000000e+00 1.4100211955e+01
4.2803296715e-01 5.5493311187e-04 5.6503295898e-03 1.2721856724e+01 3.9657637793e-01 1.8377301867e+01 1.9670844437e+01 4.4067961178e-02 1.1112099366e-01 1.0678641061e+00 1.0000000000e+00 0.0000000000e+00 1.3814530429e+01
4.4950241041e-01 5.6873797519e-04 5.9463500977e-03 1.2642488127e+01 4.1713704333e-01 1.8209335767e+01 1.9662408640e+01 4.6361195905e-02 1.1114140220e-01 1.0697126053e+00 1.0000000000e+00 0.0000000000e+00 1.3528434323e+01
4.7526635256e-01 5.8272568438e-04 6.2957763672e-03 1.2562477833e+01 4.4195927119e-01 1.7996443637e+01 1.9672517177e+01 4.9063517269e-02 1.1101366227e-01 1.0718530778e+00 1.0000000000e+00 0.0000000000e+00 1.3197412189e+01
5.0037334699e-01 5.9689623944e-04 6.6375732422e-03 1.2503138847e+01 4.6619766065e-01 1.7774675895e+01 1.9667304287e+01 5.1751408613e-02 1.1100743951e-01 1.0738755193e+00 1.0000000000e+00 0.0000000000e+00 1.2901813193e+01
5.2472626969e-01 6.1124964037e-04 6.9732666016e-03 1.2453612785e+01 4.8971648509e-01 1.7547940405e+01 1.9675314689e+01 5.4448913484e-02 1.1118456320e-01 1.0758021612e+00 1.0000000000e+00 0.0000000000e+00 1.2630778952e+01
5.5036506576e-01 6.2578588718e-04 7.3150634766e-03 1.2412774873e+01 5.1473228531e-01 1.7300374985e+01 1.9672387395e+01 5.7140433821e-02 1.1101000550e-01 1.0777844753e+00 1.0000000000e+00 0.0000000000e+00 1.2363962609e+01
5.7954528256e-01 6.4050497985e-04 7.7117919922e-03 1.2370112810e+01 5.4319324062e-01 1.7021467332e+01 1.9669546622e+01 6.0347249810e-02 1.1109720316e-01 1.0799982414e+00 1.0000000000e+00 0.0000000000e+00 1.2087556855e+01
6.0783273174e-01 6.5540691840e-04 8.0963134766e-03 1.2339433906e+01 5.7088947127e-01 1.6724981496e+01 1.9667160085e+01 6.3485362646e-02 1.1120429758e-01 1.0821031315e+00 1.0000000000e+00 0.0000000000e+00 1.1836069150e+01
6.3525490197e-01 6.7049170282e-04 8.4625244141e-03 1.2323160748e+01 5.9793745485e-01 1.6457682078e+01 1.9679655159e+01 6.6456793986e-02 1.1114338707e-01 1.0841111778e+00 1.0000000000e+00 0.0000000000e+00 1.1609960937e+01
6.6368847678e-01 6.8575933311e-04 8.8470458984e-03 1.2302208245e+01 6.2604692833e-01 1.6170937065e+01 1.9679482117e+01 6.9610293393e-02 1.1119021633e-01 1.0861924272e+00 1.0000000000e+00 0.0000000000e+00 1.1401387647e+01
6.9586682853e-01 7.0120980928e-04 9.2803955078e-03 1.2294644868e+01 6.5803743407e-01 1.5868048675e+01 1.9681349529e+01 7.3167337470e-02 1.1119023582e-01 1.0885139888e+00 1.0000000000e+00 0.0000000000e+00 1.1190968576e+01
7.2699326297e-01 7.1684313131e-04 9.6954345703e-03 1.2282207474e+01 6.8919603837e-01 1.5560286269e+01 1.9681609092e+01 7.6562735172e-02 1.1108992349e-01 1.0907311819e+00 1.0000000000e+00 0.0000000000e+00 1.1058533766e+01
7.5696099298e-01 7.3265929922e-04 1.0098266602e-02 1.2279770466e+01 7.1931211093e-01 1.5292056750e+01 1.9682531982e+01 7.9874396513e-02 1.1104275223e-01 1.0928692978e+00 1.0000000000e+00 0.0000000000e+00 1.1015157905e+01
7.8647431298e-01 7.4865831300e-04 1.0501098633e-02 1.2279251340e+01 7.4906091798e-01 1.5025745113e+01 1.9683043898e+01 8.3202990207e-02 1.1107640008e-01 1.0949973410e+00 1.0000000000e+00 0.0000000000e+00 1.1000853100e+01
8.2090181596e-01 7.6484017265e-04 1.0971069336e-02 1.2273793307e+01 7.8398083233e-01 1.4724962068e+01 1.9673620320e+01 8.7064798502e-02 1.1105475404e-01 1.0974765993e+00 1.0000000000e+00 0.0000000000e+00 1.1004544662e+01
8.5393509483e-01 7.8120487817e-04 1.1428833008e-02 1.2274918080e+01 8.1761779361e-01 1.4445528080e+01 1.9678919731e+01 9.0840473069e-02 1.1110383578e-01 1.0998696225e+00 1.0000000000e+00 0.0000000000e+00 1.1020233803e+01
8.8570892964e-01 7.9775242956e-04 1.1868286133e-02 1.2279503693e+01 8.5020003056e-01 1.4199087432e+01 1.9682726655e+01 9.4430744563e-02 1.1106885576e-01 1.1021829545e+00 1.0000000000e+00 0.0000000000e+00 1.1040537398e+01
9.1614002781e-01 8.1448282683e-04 1.2295532227e-02 1.2287427575e+01 8.8154030784e-01 1.3955985053e+01 1.9685610688e+01 9.7910759648e-02 1.1106781933e-01 1.1044370280e+00 1.0000000000e+00 0.0000000000e+00 1.1066839782e+01
9.5005102411e-01 8.3139606996e-04 1.2777709961e-02 1.2291768045e+01 9.1665268853e-01 1.3709313683e+01 1.9678443865e+01 1.0180758696e-01 1.1106451574e-01 1.1069898024e+00 1.0000000000e+00 0.0000000000e+00 1.1093142166e+01
9.8407647261e-01 8.4849215897e-04 1.3275146484e-02 1.2296730385e+01 9.5199129406e-01 1.3478016013e+01 1.9687326688e+01 1.0583343791e-01 1.1117059428e-01 1.1096008790e+00 1.0000000000e+00 0.0000000000e+00 1.1124060806e+01
1.0167462609e+00 8.6577109385e-04 1.3751220703e-02 1.2302952687e+01 9.8621031661e-01 1.3247963885e+01 1.9680462689e+01 1.0961643876e-01 1.1114915035e-01 1.1121311099e+00 1.0000000000e+00 0.0000000000e+00 1.1148978854e+01
1.0479142231e+00 8.8323287460e-04 1.4215087891e-02 1.2305836720e+01 1.0190031312e+00 1.3044120410e+01 1.9688119797e+01 1.1327609388e-01 1.1116363671e-01 1.1146061302e+00 1.0000000000e+00 0.0000000000e+00 1.1178511355e+01
1.0786906014e+00 9.0087750123e-04 1.4678955078e-02 1.2311943660e+01 1.0515841763e+00 1.2858280513e+01 1.9680203126e+01 1.1688045980e-01 1.1114703172e-01 1.1171082199e+00 1.0000000000e+00 0.0000000000e+00 1.1207582411e+01
1.1130018555e+00 9.1870497372e-04 1.5203857422e-02 1.2317899189e+01 1.0881364466e+00 1.2657508533e+01 1.9679352336e+01 1.2089655624e-01 1.1110422468e-01 1.1199550047e+00 1.0000000000e+00 0.0000000000e+00 1.1236192021e+01
1.1456091679e+00 9.3671529209e-04 1.5716552734e-02 1.2323364432e+01 1.1230293076e+00 1.2456231848e+01 1.9675574252e+01 1.2478464365e-01 1.1111432517e-01 1.1227378113e+00 1.0000000000e+00 0.0000000000e+00 1.1262494405e+01
1.1765960173e+00 9.5490845633e-04 1.6217041016e-02 1.2321965676e+01 1.1563388676e+00 1.2286441596e+01 1.9688054906e+01 1.2853856495e-01 1.1115994503e-01 1.1254667983e+00 1.0000000000e+00 0.0000000000e+00 1.1288796789e+01
1.2063815701e+00 9.7328446644e-04 1.6693115234e-02 1.2327870734e+01 1.1886999902e+00 1.2122628503e+01 1.9683901898e+01 1.3198703122e-01 1.1103477101e-01 1.1281242635e+00 1.0000000000e+00 0.0000000000e+00 1.1310023274e+01
1.2363452664e+00 9.9184332243e-04 1.7205810547e-02 1.2327459760e+01 1.2211959546e+00 1.1956046738e+01 1.9681061125e+01 1.3573069168e-01 1.1114571021e-01 1.1309576716e+00 1.0000000000e+00 0.0000000000e+00 1.1331249759e+01
1.2683258036e+00 1.0105850243e-03 1.7742919922e-02 1.2334013725e+01 1.2563224967e+00 1.1801001107e+01 1.9682712235e+01 1.3948518895e-01 1.1102657902e-01 1.1339983971e+00 1.0000000000e+00 0.0000000000e+00 1.1357090698e+01
1.2982773369e+00 1.0295095720e-03 1.8280029297e-02 1.2330091440e+01 1.2891909469e+00 1.1648724148e+01 1.9683829797e+01 1.4325966546e-01 1.1112369801e-01 1.1370092653e+00 1.0000000000e+00 0.0000000000e+00 1.1378317183e+01
1.3269862731e+00 1.0486169656e-03 1.8792724609e-02 1.2329399272e+01 1.3210251590e+00 1.1506598985e+01 1.9669835026e+01 1.4672986040e-01 1.1107272212e-01 1.1399458367e+00 1.0000000000e+00 0.0000000000e+00 1.1391237653e+01
1.3542165448e+00 1.0679072051e-03 1.9293212891e-02 1.2328447541e+01 1.3513710853e+00 1.1373702730e+01 1.9669964807e+01 1.5005264452e-01 1.1103733546e-01 1.1428384820e+00 1.0000000000e+00 0.0000000000e+00 1.1406926794e+01
1.3816921204e+00 1.0873802904e-03 1.9818115234e-02 1.2327286718e+01 1.3821020614e+00 1.1239883584e+01 1.9672005261e+01 1.5348278754e-01 1.1105025586e-01 1.1458906625e+00 1.0000000000e+00 0.0000000000e+00 1.1425384607e+01
1.4102572554e+00 1.1070362216e-03 2.0379638672e-02 1.2323371643e+01 1.4142317809e+00 1.1103295766e+01 1.9664131850e+01 1.5706822539e-01 1.1106257653e-01 1.1491801739e+00 1.0000000000e+00 0.0000000000e+00 1.1441996639e+01
1.4372212607e+00 1.1268749987e-03 2.0928955078e-02 1.2318115492e+01 1.4446980267e+00 1.0966707948e+01 1.9655140876e+01 1.6050804659e-01 1.1110145070e-01 1.1524184178e+00 1.0000000000e+00 0.0000000000e+00 1.1449379764e+01
1.4626984834e+00 1.1468966217e-03 2.1466064453e-02 1.2313356837e+01 1.4736170651e+00 1.0855038177e+01 1.9660894522e+01 1.6380111168e-01 1.1115581895e-01 1.1556107385e+00 1.0000000000e+00 0.0000000000e+00 1.1459531562e+01
1.4871488698e+00 1.1671010905e-03 2.1978759766e-02 1.2309506652e+01 1.5016767022e+00 1.0735062391e+01 1.9651355582e+01 1.6679693875e-01 1.1107380071e-01 1.1587315595e+00 1.0000000000e+00 0.0000000000e+00 1.1466914687e+01
1.5106631726e+00 1.1874884052e-03 2.2503662109e-02 1.2301799073e+01 1.5286631005e+00 1.0618778168e+01 1.9642898155e+01 1.6985001222e-01 1.1111016689e-01 1.1619234929e+00 1.0000000000e+00 0.0000000000e+00 1.1477989375e+01
1.5357634787e+00 1.2080585658e-03 2.3077392578e-02 1.2294069864e+01 1.5576643672e+00 1.0508954179e+01 1.9639603146e+01 1.7307928937e-01 1.1111462329e-01 1.1654544307e+00 1.0000000000e+00 0.0000000000e+00 1.1483526719e+01
1.5593986995e+00 1.2288115722e-03 2.3638916016e-02 1.2285136571e+01 1.5850933550e+00 1.0395438627e+01 1.9623056005e+01 1.7616602525e-01 1.1113921126e-01 1.1689352628e+00 1.0000000000e+00 0.0000000000e+00 1.1487218282e+01
1.5820309455e+00 1.2497474245e-03 2.4176025391e-02 1.2275424589e+01 1.6116399211e+00 1.0284691747e+01 1.9619342812e+01 1.7896900041e-01 1.1104775829e-01 1.1723394376e+00 1.0000000000e+00 0.0000000000e+00 1.1489064063e+01
1.6030666774e+00 1.2708661227e-03 2.4713134766e-02 1.2262893464e+01 1.6362762022e+00 1.0191479791e+01 1.9603264327e+01 1.8177412538e-01 1.1109012350e-01 1.1757313571e+00 1.0000000000e+00 0.0000000000e+00 1.1488602618e+01
1.6231255703e+00 1.2921676668e-03 2.5231933594e-02 1.2252979599e+01 1.6599627662e+00 1.0094576271e+01 1.9584756043e+01 1.8436807109e-01 1.1106759432e-01 1.1790666935e+00 1.0000000000e+00 0.0000000000e+00 1.1490909844e+01
1.6440110871e+00 1.3136520567e-03 2.5793457031e-02 1.2242503348e+01 1.6847329297e+00 9.9875209540e+00 1.9572960346e+01 1.8709948590e-01 1.1105587278e-01 1.1827094122e+00 1.0000000000e+00 0.0000000000e+00 1.1492294180e+01
1.6638979735e+00 1.3353192925e-03 2.6379394531e-02 1.2226720476e+01 1.7082131337e+00 9.8795427464e+00 1.9564228936e+01 1.8997715780e-01 1.1121396625e-01 1.1864765138e+00 1.0000000000e+00 0.0000000000e+00 1.1481680938e+01
1.6836039563e+00 1.3571693742e-03 2.6916503906e-02 1.2213749536e+01 1.7320360374e+00 9.7835621174e+00 1.9540003056e+01 1.9231577623e-01 1.1103451203e-01 1.1900989467e+00 1.0000000000e+00 0.0000000000e+00 1.1485372500e+01
1.7011909308e+00 1.3792023017e-03 2.7478027344e-02 1.2198500210e+01 1.7529681822e+00 9.7023477391e+00 1.9515085008e+01 1.9492606534e-01 1.1119772014e-01 1.1937761625e+00 1.0000000000e+00 0.0000000000e+00 1.1477527930e+01
1.7187694808e+00 1.4014180752e-03 2.7990722656e-02 1.2184974995e+01 1.7744327194e+00 9.6091366833e+00 1.9493000523e+01 1.9700880439e-01 1.1102635915e-01 1.1973106453e+00 1.0000000000e+00 0.0000000000e+00 1.1470607151e+01
1.7345176363e+00 1.4238166944e-03 2.8527832031e-02 1.2169682408e+01 1.7933667060e+00 9.5242307423e+00 1.9469863365e+01 1.9934421859e-01 1.1115641766e-01 1.2009124221e+00 1.0000000000e+00 0.0000000000e+00 1.1467838479e+01
1.7521164043e+00 1.4463981596e-03 2.9089355469e-02 1.2153351569e+01 1.8150002582e+00 9.4282501134e+00 1.9442299217e+01 2.0150518157e-01 1.1102212281e-01 1.2048421045e+00 1.0000000000e+00 0.0000000000e+00 1.1462301135e+01
1.7676852150e+00 1.4691624706e-03 2.9675292969e-02 1.2135456143e+01 1.8338172449e+00 9.3488815163e+00 1.9414900900e+01 2.0392658431e-01 1.1120333004e-01 1.2088274238e+00 1.0000000000e+00 0.0000000000e+00 1.1452149338e+01
1.7832624252e+00 1.4921096275e-03 3.0212402344e-02 1.2118317775e+01 1.8531411163e+00 9.2565924500e+00 1.9387870298e+01 2.0584847800e-01 1.1108084332e-01 1.2126619325e+00 1.0000000000e+00 0.0000000000e+00 1.1444766212e+01
1.7976337871e+00 1.5152396303e-03 3.0749511719e-02 1.2102289759e+01 1.8709237091e+00 9.1873756503e+00 1.9347032386e+01 2.0777884955e-01 1.1105682639e-01 1.2164870403e+00 1.0000000000e+00 0.0000000000e+00 1.1432768634e+01
1.8108838808e+00 1.5385524790e-03 3.1286621094e-02 1.2083118148e+01 1.8872673331e+00 9.1006239280e+00 1.9323498674e+01 2.0971440861e-01 1.1112066898e-01 1.2203050887e+00 1.0000000000e+00 0.0000000000e+00 1.1424001172e+01
1.8239076011e+00 1.5620481735e-03 3.1799316406e-02 1.2066527746e+01 1.9035867302e+00 9.0360215815e+00 1.9285292443e+01 2.1138519876e-01 1.1104574087e-01 1.2240621070e+00 1.0000000000e+00 0.0000000000e+00 1.1411542148e+01
1.8369133372e+00 1.5857267139e-03 3.2385253906e-02 1.2047110992e+01 1.9196866185e+00 8.9409638432e+00 1.9228404885e+01 2.1339389538e-01 1.1116079746e-01 1.2282848228e+00 1.0000000000e+00 0.0000000000e+00 1.1395391562e+01
1.8493994374e+00 1.6095881001e-03 3.2946777344e-02 1.2026410843e+01 1.9353300681e+00 8.8726699342e+00 1.9188951310e+01 2.1517234068e-01 1.1118121101e-01 1.2324230387e+00 1.0000000000e+00 0.0000000000e+00 1.1385701210e+01
1.8614273477e+00 1.6336323323e-03 3.3483886719e-02 1.2006907567e+01 1.9505866958e+00 8.8025302438e+00 1.9135776945e+01 2.1672731479e-01 1.1110878346e-01 1.2364772694e+00 1.0000000000e+00 0.0000000000e+00 1.1373242186e+01
1.8724638462e+00 1.6578594103e-03 3.4020996094e-02 1.1987541284e+01 1.9645344901e+00 8.7286989907e+00 1.9084506043e+01 2.1829345417e-01 1.1111714010e-01 1.2405238481e+00 1.0000000000e+00 0.0000000000e+00 1.1360321717e+01
1.8831606945e+00 1.6822693342e-03 3.4533691406e-02 1.1967439571e+01 1.9782374248e+00 8.6484075030e+00 1.9020307461e+01 2.1964177844e-01 1.1102902800e-01 1.2444876615e+00 1.0000000000e+00 0.0000000000e+00 1.1348785583e+01
1.8924151648e+00 1.7068621039e-03 3.5070800781e-02 1.1947035036e+01 1.9898190886e+00 8.5902653913e+00 1.8972540659e+01 2.2122469634e-01 1.1117829636e-01 1.2485237254e+00 1.0000000000e+00 0.0000000000e+00 1.1331250661e+01
1.9028525143e+00 1.7316377195e-03 3.5607910156e-02 1.1927423609e+01 2.0033240235e+00 8.5182799195e+00 1.8906669338e+01 2.2249645026e-01 1.1106363606e-01 1.2527770116e+00 1.0000000000e+00 0.0000000000e+00 1.1315100074e+01
1.9122188801e+00 1.7565961810e-03 3.6169433594e-02 1.1904848838e+01 2.0152631672e+00 8.4453715571e+00 1.8833191379e+01 2.2393759100e-01 1.1112076806e-01 1.2571454041e+00 1.0000000000e+00 0.0000000000e+00 1.1302179605e+01
1.9212765841e+00 1.7817374884e-03 3.6706542969e-02 1.1883917966e+01 2.0269699319e+00 8.3752318667e+00 1.8747239976e+01 2.2517440868e-01 1.1108917066e-01 1.2614267642e+00 1.0000000000e+00 0.0000000000e+00 1.1282337456e+01
1.9295254429e+00 1.8070616416e-03 3.7243652344e-02 1.1863174557e+01 2.0375764797e+00 8.3115524110e+00 1.8678080857e+01 2.2642511729e-01 1.1112472074e-01 1.2657016873e+00 1.0000000000e+00 0.0000000000e+00 1.1268494096e+01
1.9375587675e+00 1.8325686407e-03 3.7756347656e-02 1.1842315786e+01 2.0480651306e+00 8.2423356113e+00 1.8596368983e+01 2.2747708551e-01 1.1106926343e-01 1.2698902257e+00 1.0000000000e+00 0.0000000000e+00 1.1248651946e+01
1.9448822937e+00 1.8582584857e-03 3.8269042969e-02 1.1822942292e+01 2.0575804817e+00 8.1851163901e+00 1.8515716991e+01 2.2854308102e-01 1.1107370188e-01 1.2740740103e+00 1.0000000000e+00 0.0000000000e+00 1.1234808586e+01
1.9516087727e+00 1.8841311766e-03 3.8806152344e-02 1.1801131790e+01 2.0662067665e+00 8.1242056064e+00 1.8431085033e+01 2.2971732347e-01 1.1117828438e-01 1.2784192482e+00 1.0000000000e+00 0.0000000000e+00 1.1220042336e+01
1.9589484548e+00 1.9101867133e-03 3.9343261719e-02 1.1778953574e+01 2.0758990884e+00 8.0651406039e+00 1.8328218775e+01 2.3065917756e-01 1.1111290469e-01 1.2829439061e+00 1.0000000000e+00 0.0000000000e+00 1.1202045968e+01
1.9655767869e+00 1.9364250959e-03 3.9880371094e-02 1.1757647777e+01 2.0846005249e+00 8.0023840388e+00 1.8227183877e+01 2.3161952395e-01 1.1110978875e-01 1.2874611536e+00 1.0000000000e+00 0.0000000000e+00 1.1185433936e+01
1.9715476154e+00 1.9628463244e-03 4.0417480469e-02 1.1735491191e+01 2.0923835265e+00 7.9377816924e+00 1.8129256526e+01 2.3259626513e-01 1.1116330356e-01 1.2919728139e+00 1.0000000000e+00 0.0000000000e+00 1.1169283349e+01
1.9773985628e+00 1.9894503987e-03 4.0930175781e-02 1.1712541496e+01 2.1001490361e+00 7.8851769246e+00 1.8019331596e+01 2.3339170724e-01 1.1113102129e-01 1.2963942284e+00 1.0000000000e+00 0.0000000000e+00 1.1148979755e+01
1.9826719939e+00 2.0162373189e-03 4.1442871094e-02 1.1692064860e+01 2.1071009609e+00 7.8261119222e+00 1.7911266867e+01 2.3420379544e-01 1.1114977392e-01 1.3008114593e+00 1.0000000000e+00 0.0000000000e+00 1.1134213504e+01
1.9878838337e+00 2.0432070850e-03 4.1931152344e-02 1.1671876626e+01 2.1141095466e+00 7.7799673890e+00 1.7805343533e+01 2.3483937384e-01 1.1108193245e-01 1.3051380503e+00 1.0000000000e+00 0.0000000000e+00 1.1118062918e+01
1.9928205663e+00 2.0703596970e-03 4.2443847656e-02 1.1649799351e+01 2.1207106948e+00 7.7172108239e+00 1.7695642116e+01 2.3552193932e-01 1.1105802404e-01 1.3096793847e+00 1.0000000000e+00 0.0000000000e+00 1.1095913542e+01
1.9974919263e+00 2.0976951548e-03 4.2980957031e-02 1.1627585085e+01 2.1269225981e+00 7.6673747281e+00 1.7564807944e+01 2.3624232031e-01 1.1107236367e-01 1.3144423080e+00 1.0000000000e+00 0.0000000000e+00 1.1080224400e+01
2.0016292444e+00 2.1252134585e-03 4.3518066406e-02 1.1604851692e+01 2.1323695453e+00 7.6138470697e+00 1.7448393939e+01 2.3698122426e-01 1.1113515703e-01 1.3192001794e+00 1.0000000000e+00 0.0000000000e+00 1.1055306352e+01
2.0057183845e+00 2.1529146081e-03 4.4030761719e-02 1.1583964081e+01 2.1378757026e+00 7.5492447232e+00 1.7314596423e+01 2.3755455358e-01 1.1111710250e-01 1.3238637409e+00 1.0000000000e+00 0.0000000000e+00 1.1039155766e+01
2.0091189845e+00 2.1807986035e-03 4.4555664063e-02 1.1561014385e+01 2.1423254607e+00 7.5095604247e+00 1.7196531309e+01 2.3823682809e-01 1.1120477839e-01 1.3285692407e+00 1.0000000000e+00 0.0000000000e+00 1.1023005179e+01
2.0127388882e+00 2.2088654448e-03 4.5043945313e-02 1.1541799513e+01 2.1472761623e+00 7.4541869849e+00 1.7076051042e+01 2.3866693952e-01 1.1114869327e-01 1.3331344659e+00 1.0000000000e+00 0.0000000000e+00 1.1007316038e+01
2.0159430221e+00 2.2371151320e-03 4.5532226563e-02 1.1520854221e+01 2.1516222299e+00 7.4034279985e+00 1.6953977122e+01 2.3911616040e-01 1.1113296613e-01 1.3376966046e+00 1.0000000000e+00 0.0000000000e+00 1.0984243771e+01
2.0191483709e+00 2.2655476651e-03 4.6020507812e-02 1.1500665988e+01 2.1560401383e+00 7.3545147933e+00 1.6818103102e+01 2.3947678959e-01 1.1107250989e-01 1.3423509497e+00 1.0000000000e+00 0.0000000000e+00 1.0967631739e+01
2.0218363017e+00 2.2941630440e-03 4.6557617188e-02 1.1478437301e+01 2.1596017810e+00 7.3019100255e+00 1.6690722560e+01 2.4000556274e-01 1.1113417522e-01 1.3473670054e+00 1.0000000000e+00 0.0000000000e+00 1.0950096817e+01
2.0249329227e+00 2.3229612688e-03 4.7045898438e-02 1.1457729942e+01 2.1639828121e+00 7.2613028364e+00 1.6556247297e+01 2.4021286839e-01 1.1100497982e-01 1.3521891673e+00 1.0000000000e+00 0.0000000000e+00 1.0934869121e+01
2.0268381314e+00 2.3519423395e-03 4.7583007812e-02 1.1436373675e+01 2.1663918792e+00 7.2077751779e+00 1.6432752990e+01 2.4078123240e-01 1.1114389539e-01 1.3571981829e+00 1.0000000000e+00 0.0000000000e+00 1.0913642636e+01
2.0291866630e+00 2.3811062560e-03 4.8071289063e-02 1.1415990770e+01 2.1696646139e+00 7.1671679887e+00 1.6301529474e+01 2.4103233033e-01 1.1109197651e-01 1.3620126239e+00 1.0000000000e+00 0.0000000000e+00 1.0897030604e+01
2.0311965595e+00 2.4104530184e-03 4.8559570313e-02 1.1395982789e+01 2.1724332075e+00 7.1182547836e+00 1.6178374041e+01 2.4130443072e-01 1.1107565005e-01 1.3668240704e+00 1.0000000000e+00 0.0000000000e+00 1.0879957126e+01
2.0328929500e+00 2.4399826267e-03 4.9047851563e-02 1.1376061328e+01 2.1747346737e+00 7.0674957971e+00 1.6062955027e+01 2.4159579977e-01 1.1109208066e-01 1.3716334675e+00 1.0000000000e+00 0.0000000000e+00 1.0862883649e+01
2.0342988826e+00 2.4696950809e-03 4.9536132813e-02 1.1356421062e+01 2.1766026169e+00 7.0379632959e+00 1.5940607123e+01 2.4190480223e-01 1.1113870780e-01 1.3764416926e+00 1.0000000000e+00 0.0000000000e+00 1.0844887281e+01
2.0361619707e+00 2.4995903809e-03 5.0024414063e-02 1.1336283299e+01 2.1792965443e+00 6.9825898561e+00 1.5824798765e+01 2.4198239531e-01 1.1103692884e-01 1.3814930618e+00 1.0000000000e+00 0.0000000000e+00 1.0824122241e+01
2.0370827242e+00 2.5296685268e-03 5.0561523437e-02 1.1315381267e+01 2.1804098520e+00 6.9401368856e+00 1.5699328896e+01 2.4236580853e-01 1.1115607844e-01 1.3867744364e+00 1.0000000000e+00 0.0000000000e+00 1.0807048764e+01
2.0384388245e+00 2.5599295186e-03 5.1049804688e-02 1.1295207905e+01 2.1823552784e+00 6.8995301470e+00 1.5584284806e+01 2.4245556779e-01 1.1109811963e-01 1.3918519453e+00 1.0000000000e+00 0.0000000000e+00 1.0790437183e+01
2.0395180733e+00 2.5903733562e-03 5.1538085938e-02 1.1275574848e+01 2.1838797786e+00 6.8589229579e+00 1.5459435004e+01 2.4256809508e-01 1.1107209172e-01 1.3969263740e+00 1.0000000000e+00 0.0000000000e+00 1.0767364916e+01
2.0403417232e+00 2.6210000397e-03 5.2026367188e-02 1.1256273455e+01 2.1850148853e+00 6.8137013154e+00 1.5355386292e+01 2.4270173466e-01 1.1107555207e-01 1.4019986802e+00 1.0000000000e+00 0.0000000000e+00 1.0751214330e+01
2.0409292898e+00 2.6518095691e-03 5.2514648438e-02 1.1237368617e+01 2.1857897724e+00 6.7703254542e+00 1.5246600555e+01 2.4285490305e-01 1.1110624916e-01 1.4070697541e+00 1.0000000000e+00 0.0000000000e+00 1.0735525188e+01
2.0412987088e+00 2.6828019444e-03 5.3002929688e-02 1.1218449358e+01 2.1862313912e+00 6.7389471717e+00 1.5143352162e+01 2.4302612730e-01 1.1116212505e-01 1.4121404286e+00 1.0000000000e+00 0.0000000000e+00 1.0719374602e+01
2.0421650339e+00 2.7139771655e-03 5.3442382813e-02 1.1199840133e+01 2.1875952857e+00 6.6928026385e+00 1.5036181484e+01 2.4290169381e-01 1.1103593768e-01 1.4170195556e+00 1.0000000000e+00 0.0000000000e+00 1.0703685460e+01
2.0421029062e+00 2.7453352325e-03 5.3979492188e-02 1.1180985765e+01 2.1873579222e+00 6.6595785746e+00 1.4928268167e+01 2.4313820992e-01 1.1115611554e-01 1.4225870820e+00 1.0000000000e+00 0.0000000000e+00 1.0680151749e+01
2.0424696664e+00 2.7768761454e-03 5.4467773437e-02 1.1162261179e+01 2.1879249390e+00 6.6097424788e+00 1.4830427336e+01 2.4310419083e-01 1.1111176005e-01 1.4279405347e+00 1.0000000000e+00 0.0000000000e+00 1.0663078271e+01
2.0426269268e+00 2.8085999042e-03 5.4956054687e-02 1.1143428441e+01 2.1881660733e+00 6.5839015403e+00 1.4726176742e+01 2.4309303790e-01 1.1109441868e-01 1.4332915940e+00 1.0000000000e+00 0.0000000000e+00 1.0647850575e+01
