# M_T	 rho_0	 E_0	 R_F	 N_F	 R_B	 R_B_0	 N_B	 N_B/N_F	 omega	 mu	 lambda	 R_G	 
4.4919013683e-01 4.0679097569e-05 3.8938522339e-04 7.3832728954e+02 4.0695100550e-01 2.4423371299e+01 2.4483805767e+01 4.5197973588e-02 1.1106490211e-01 1.0138200244e+00 1.0000000000e+00 0.0000000000e+00 7.2147899759e+02
4.4888078030e-01 4.0770520505e-05 3.8945925148e-04 7.3832728954e+02 4.0663148172e-01 2.4423371299e+01 2.4483805767e+01 4.5204882400e-02 1.1116916528e-01 1.0138274777e+00 1.0000000000e+00 0.0000000000e+00 7.2150853010e+02
4.4827117842e-01 4.1044789312e-05 3.8950019129e-04 7.3832728954e+02 4.0603028961e-01 2.4423371299e+01 2.4484411414e+01 4.5190605539e-02 1.1129860677e-01 1.0138477713e+00 1.0000000000e+00 0.0000000000e+00 7.2156759510e+02
4.4757977152e-01 4.1501903992e-05 3.8938719014e-04 7.3832728954e+02 4.0539154901e-01 2.4423371299e+01 2.4482457481e+01 4.5132135904e-02 1.1132974038e-01 1.0138793338e+00 1.0000000000e+00 0.0000000000e+00 7.2164142635e+02
4.4718723714e-01 4.2141864543e-05 3.8914652054e-04 7.3831990641e+02 4.0514172281e-01 2.4415988174e+01 2.4487122405e+01 4.4987838425e-02 1.1104222521e-01 1.0139220479e+00 1.0000000000e+00 0.0000000000e+00 7.2172264073e+02
4.4613914579e-01 4.2964670966e-05 3.8885754481e-04 7.3831990641e+02 4.0420415029e-01 2.4415988174e+01 2.4485723649e+01 4.4869130295e-02 1.1100610982e-01 1.0139762345e+00 1.0000000000e+00 0.0000000000e+00 7.2185553698e+02
4.4455758087e-01 4.3970323261e-05 3.8862228394e-04 7.3831990641e+02 4.0273396795e-01 2.4415988174e+01 2.4488016455e+01 4.4744306405e-02 1.1110139687e-01 1.0140467910e+00 1.0000000000e+00 0.0000000000e+00 7.2201796574e+02
4.4306797081e-01 4.5158821427e-05 3.8815489392e-04 7.3831990641e+02 4.0141378635e-01 2.4415988174e+01 2.4489263800e+01 4.4563498370e-02 1.1101636238e-01 1.0141262149e+00 1.0000000000e+00 0.0000000000e+00 7.2219516075e+02
4.4069008357e-01 4.6530165465e-05 3.8754373554e-04 7.3831990641e+02 3.9913995099e-01 2.4430754424e+01 2.4492032472e+01 4.4439023875e-02 1.1133694777e-01 1.0142145119e+00 1.0000000000e+00 0.0000000000e+00 7.2241665451e+02
4.3904456370e-01 4.8084355375e-05 3.8700032979e-04 7.3832728954e+02 3.9774797373e-01 2.4423371299e+01 2.4491722438e+01 4.4173715026e-02 1.1105956018e-01 1.0143178527e+00 1.0000000000e+00 0.0000000000e+00 7.2263076514e+02
4.3651813013e-01 4.9821391157e-05 3.8671493530e-04 7.3831990641e+02 3.9542690268e-01 2.4415988174e+01 2.4480842422e+01 4.3946948821e-02 1.1113798410e-01 1.0144363657e+00 1.0000000000e+00 0.0000000000e+00 7.2288917453e+02
4.3401008262e-01 5.1741272810e-05 3.8603246212e-04 7.3831990641e+02 3.9316135849e-01 2.4415988174e+01 2.4481188506e+01 4.3684480325e-02 1.1111081845e-01 1.0145591956e+00 1.0000000000e+00 0.0000000000e+00 7.2314020079e+02
4.3118777656e-01 5.3844000335e-05 3.8518905640e-04 7.3831990641e+02 3.9062609127e-01 2.4415988174e+01 2.4482976607e+01 4.3375268928e-02 1.1104037825e-01 1.0146988774e+00 1.0000000000e+00 0.0000000000e+00 7.2342075955e+02
4.2788781145e-01 5.6129573732e-05 3.8442611694e-04 7.3831990641e+02 3.8759730164e-01 2.4415988174e+01 2.4488203917e+01 4.3076917064e-02 1.1113833064e-01 1.0148464725e+00 1.0000000000e+00 0.0000000000e+00 7.2370131831e+02
4.2444185775e-01 5.8597993001e-05 3.8294494152e-04 7.3831990641e+02 3.8448240607e-01 2.4430754424e+01 2.4491102371e+01 4.2719437887e-02 1.1110895378e-01 1.0150042743e+00 1.0000000000e+00 0.0000000000e+00 7.2399664332e+02
4.2081951203e-01 6.1249258141e-05 3.8175582886e-04 7.3831990641e+02 3.8123070689e-01 2.4430754424e+01 2.4490936539e+01 4.2320457221e-02 1.1101009561e-01 1.0151744418e+00 1.0000000000e+00 0.0000000000e+00 7.2429196834e+02
4.1635913892e-01 6.4083369153e-05 3.8099288940e-04 7.3831990641e+02 3.7715569037e-01 2.4415988174e+01 2.4480993834e+01 4.1897895638e-02 1.1108912501e-01 1.0153675907e+00 1.0000000000e+00 0.0000000000e+00 7.2463159210e+02
4.1147811435e-01 6.7100326037e-05 3.7965774536e-04 7.3831990641e+02 3.7268143288e-01 2.4415988174e+01 2.4486992623e+01 4.1451235693e-02 1.1122431126e-01 1.0155653886e+00 1.0000000000e+00 0.0000000000e+00 7.2495644961e+02
4.0649665284e-01 7.0300128793e-05 3.7763118744e-04 7.3832728954e+02 3.6820650695e-01 2.4423371299e+01 2.4488917716e+01 4.0906336899e-02 1.1109618143e-01 1.0157760758e+00 1.0000000000e+00 0.0000000000e+00 7.2528869025e+02
4.0088961836e-01 7.3682777420e-05 3.7546157837e-04 7.3831990641e+02 3.6313358479e-01 2.4430754424e+01 2.4492630909e+01 4.0328339047e-02 1.1105648372e-01 1.0159969071e+00 1.0000000000e+00 0.0000000000e+00 7.2560616464e+02
3.9394244919e-01 7.7248271919e-05 3.7379123896e-04 7.3831990641e+02 3.5676124142e-01 2.4415988174e+01 2.4479342725e+01 3.9696032738e-02 1.1126778397e-01 1.0162475387e+00 1.0000000000e+00 0.0000000000e+00 7.2596055465e+02
3.8726368076e-01 8.0996612290e-05 3.7083625793e-04 7.3832728954e+02 3.5077253327e-01 2.4423371299e+01 2.4483531783e+01 3.8954914496e-02 1.1105463171e-01 1.0164957829e+00 1.0000000000e+00 0.0000000000e+00 7.2629279529e+02
3.7899945408e-01 8.4927798533e-05 3.6797523499e-04 7.3831990641e+02 3.4326830036e-01 2.4415988174e+01 2.4488881665e+01 3.8129043790e-02 1.1107650707e-01 1.0167750487e+00 1.0000000000e+00 0.0000000000e+00 7.2662503593e+02
3.7000649755e-01 8.9041830648e-05 3.6473274231e-04 7.3832728954e+02 3.3509626976e-01 2.4408605048e+01 2.4479169683e+01 3.7236560112e-02 1.1112197739e-01 1.0170608950e+00 1.0000000000e+00 0.0000000000e+00 7.2697204282e+02
3.6300368932e-01 9.3338708634e-05 3.6149024963e-04 7.3832359798e+02 3.2876047183e-01 2.4419679736e+01 2.4481123616e+01 3.6515503604e-02 1.1107023725e-01 1.0172774662e+00 1.0000000000e+00 0.0000000000e+00 7.2718984502e+02
3.5634379471e-01 9.7818432492e-05 3.5886661606e-04 7.3831990641e+02 3.2271204947e-01 2.4415988174e+01 2.4483719246e+01 3.5851470027e-02 1.1109430245e-01 1.0174832661e+00 1.0000000000e+00 0.0000000000e+00 7.2737811471e+02
3.5159009945e-01 1.0248100222e-04 3.5688120465e-04 7.3831621485e+02 3.1841647853e-01 2.4412296611e+01 2.4484512355e+01 3.5356265904e-02 1.1103780202e-01 1.0176370362e+00 1.0000000000e+00 0.0000000000e+00 7.2752208566e+02
3.4721476962e-01 1.0732641782e-04 3.5462379456e-04 7.3831990641e+02 3.1441619772e-01 2.4430754424e+01 2.4490107379e+01 3.4947372682e-02 1.1115003914e-01 1.0177752772e+00 1.0000000000e+00 0.0000000000e+00 7.2762914097e+02
3.3800317540e-01 1.1235467930e-04 3.5099983215e-04 7.3831621485e+02 3.0608262739e-01 2.4412296611e+01 2.4481152456e+01 3.3996945386e-02 1.1107113682e-01 1.0180916846e+00 1.0000000000e+00 0.0000000000e+00 7.2786170942e+02
3.2726167993e-01 1.1756578664e-04 3.4604072571e-04 7.3832359798e+02 2.9631290864e-01 2.4419679736e+01 2.4485839010e+01 3.2941467200e-02 1.1117121880e-01 1.0184250807e+00 1.0000000000e+00 0.0000000000e+00 7.2809058630e+02
3.1506046373e-01 1.2295973986e-04 3.3993721008e-04 7.3831990641e+02 2.8525376190e-01 2.4430754424e+01 2.4491945951e+01 3.1705533974e-02 1.1114852180e-01 1.0187831553e+00 1.0000000000e+00 0.0000000000e+00 7.2829362225e+02
3.0173499543e-01 1.2853653895e-04 3.3373832703e-04 7.3832359798e+02 2.7316023491e-01 2.4419679736e+01 2.4482839615e+01 3.0370030576e-02 1.1118027698e-01 1.0191482981e+00 1.0000000000e+00 0.0000000000e+00 7.2847450882e+02
2.8647160402e-01 1.3429618391e-04 3.2572746277e-04 7.3832544376e+02 2.5934380154e-01 2.4421525518e+01 2.4488860035e+01 2.8806374373e-02 1.1107408082e-01 1.0195422304e+00 1.0000000000e+00 0.0000000000e+00 7.2862401711e+02
2.6961999318e-01 1.4023867474e-04 3.1714439392e-04 7.3832728954e+02 2.4404123635e-01 2.4408605048e+01 2.4479883481e+01 2.7127398764e-02 1.1115907774e-01 1.0199450562e+00 1.0000000000e+00 0.0000000000e+00 7.2869969414e+02
2.5092070998e-01 1.4636401144e-04 3.0617713928e-04 7.3832359798e+02 2.2711177298e-01 2.4419679736e+01 2.4490157850e+01 2.5216172368e-02 1.1102978959e-01 1.0203685641e+00 1.0000000000e+00 0.0000000000e+00 7.2868123633e+02
2.3031044580e-01 1.5267219402e-04 2.9416084290e-04 7.3831990641e+02 2.0840149511e-01 2.4415988174e+01 2.4478758708e+01 2.3159289004e-02 1.1112822867e-01 1.0208063444e+00 1.0000000000e+00 0.0000000000e+00 7.2850034976e+02
2.0802499875e-01 1.5916322246e-04 2.8014183044e-04 7.3831990641e+02 1.8819101856e-01 2.4415988174e+01 2.4489588253e+01 2.0915956660e-02 1.1114216194e-01 1.0212609506e+00 1.0000000000e+00 0.0000000000e+00 7.2807212849e+02
1.8400481693e-01 1.6583709678e-04 2.6383399963e-04 7.3832359798e+02 1.6641876915e-01 2.4419679736e+01 2.4482933347e+01 1.8487536991e-02 1.1109045624e-01 1.0217348780e+00 1.0000000000e+00 0.0000000000e+00 7.2714554627e+02
1.5958047411e-01 1.7269381697e-04 2.4590492249e-04 7.3831806063e+02 1.4427746369e-01 2.4428908643e+01 2.4489025867e+01 1.6021460133e-02 1.1104617258e-01 1.0222134942e+00 1.0000000000e+00 0.0000000000e+00 7.2520563009e+02
1.3376749756e-01 1.7973338304e-04 2.2587776184e-04 7.3831990641e+02 1.2086361023e-01 2.4415988174e+01 2.4482515162e+01 1.3428051747e-02 1.1110086586e-01 1.0227435069e+00 1.0000000000e+00 0.0000000000e+00 7.1987685940e+02
1.1090933243e-01 1.8695579497e-04 2.0604133606e-04 7.1498923045e+02 1.0012811882e-01 2.4430754424e+01 2.4491477295e+01 1.1133060078e-02 1.1118814784e-01 1.0232788887e+00 1.0000000000e+00 0.0000000000e+00 6.7631642010e+02
9.4074122371e-02 1.9436105278e-04 1.9102096558e-04 3.4563515657e+02 8.4872099340e-02 2.4421525518e+01 2.4486091363e+01 9.4256204486e-03 1.1105676096e-01 1.0239641753e+00 1.0000000000e+00 0.0000000000e+00 2.2045826862e+02
9.2422254616e-02 2.0194915645e-04 1.9216537476e-04 1.7328498635e+02 8.3370587696e-02 2.4414142392e+01 2.4479688809e+01 9.2630857919e-03 1.1110735870e-01 1.0248238216e+00 1.0000000000e+00 0.0000000000e+00 6.0030338864e+01
9.4146644895e-02 2.0972010600e-04 1.9712448120e-04 1.0967634083e+02 8.4934358435e-02 2.4425217080e+01 2.4490157850e+01 9.4394735956e-03 1.1113845762e-01 1.0257779892e+00 1.0000000000e+00 0.0000000000e+00 3.2310394906e+01
9.7009585277e-02 2.1767390143e-04 2.0399093628e-04 7.9104246535e+01 8.7529856189e-02 2.4423371299e+01 2.4484389783e+01 9.7334972788e-03 1.1120202526e-01 1.0268034771e+00 1.0000000000e+00 0.0000000000e+00 2.4408605048e+01
1.0030175771e-01 2.2581054272e-04 2.1142959595e-04 6.2495747539e+01 9.0526041724e-02 2.4421525518e+01 2.4493589850e+01 1.0061989117e-02 1.1115021628e-01 1.0278276754e+00 1.0000000000e+00 0.0000000000e+00 2.4126200505e+01
1.0436082037e-01 2.3413002988e-04 2.2058486938e-04 5.0980999357e+01 9.4214968714e-02 2.4419679736e+01 2.4491801749e+01 1.0474418209e-02 1.1117573302e-01 1.0289964782e+00 1.0000000000e+00 0.0000000000e+00 2.3947159717e+01
1.0857695727e-01 2.4263236292e-04 2.2998452187e-04 4.3558406056e+01 9.8062302273e-02 2.4419679736e+01 2.4487504539e+01 1.0890228434e-02 1.1105417864e-01 1.0301537624e+00 1.0000000000e+00 0.0000000000e+00 2.3843795963e+01
1.1321665820e-01 2.5131754183e-04 2.4061203003e-04 3.8082982273e+01 1.0228522106e-01 2.4404913486e+01 2.4483675985e+01 1.1361582915e-02 1.1107746356e-01 1.0313844301e+00 1.0000000000e+00 0.0000000000e+00 2.3784730960e+01
1.1833192225e-01 2.6018556661e-04 2.5243759155e-04 3.3855854632e+01 1.0694943528e-01 2.4408605048e+01 2.4493640320e+01 1.1876829189e-02 1.1105088267e-01 1.0327030580e+00 1.0000000000e+00 0.0000000000e+00 2.3744123771e+01
1.2349730255e-01 2.6923643726e-04 2.6464462280e-04 3.0754531030e+01 1.1165685673e-01 2.4415988174e+01 2.4490092959e+01 1.2403546661e-02 1.1108629621e-01 1.0340046588e+00 1.0000000000e+00 0.0000000000e+00 2.3721974395e+01
1.2941489212e-01 2.7847015378e-04 2.7933120728e-04 2.8083000493e+01 1.1705652215e-01 2.4405836376e+01 2.4488225548e+01 1.3004960070e-02 1.1109983307e-01 1.0354717303e+00 1.0000000000e+00 0.0000000000e+00 2.3682290097e+01
1.3558077383e-01 2.8788671618e-04 2.9497146606e-04 2.5973604100e+01 1.2268324607e-01 2.4403990595e+01 2.4486163464e+01 1.3636686600e-02 1.1115361744e-01 1.0369682756e+00 1.0000000000e+00 0.0000000000e+00 2.3665678065e+01
1.4174349716e-01 2.9748612445e-04 3.1108856201e-04 2.4323713528e+01 1.2832255965e-01 2.4397530360e+01 2.4483070338e+01 1.4258467499e-02 1.1111426968e-01 1.0384447047e+00 1.0000000000e+00 0.0000000000e+00 2.3642605798e+01
1.4912565393e-01 3.0726837858e-04 3.3092498779e-04 2.2760343954e+01 1.3508007418e-01 2.4399383352e+01 2.4481880674e+01 1.5008399718e-02 1.1110742875e-01 1.0401825319e+00 1.0000000000e+00 0.0000000000e+00 2.3616772070e+01
1.5652840064e-01 3.1723347859e-04 3.5152435303e-04 2.1496582183e+01 1.4186065864e-01 2.4405504713e+01 2.4482954977e+01 1.5764255847e-02 1.1112493060e-01 1.0418934118e+00 1.0000000000e+00 0.0000000000e+00 2.3593360929e+01
1.6410337321e-01 3.2738142448e-04 3.7364959717e-04 2.0444796860e+01 1.4880673502e-01 2.4387371353e+01 2.4481556221e+01 1.6538090261e-02 1.1113804936e-01 1.0436219343e+00 1.0000000000e+00 0.0000000000e+00 2.3560461319e+01
1.7307923212e-01 3.3771221623e-04 4.0073394775e-04 1.9428521198e+01 1.5705954839e-01 2.4389952563e+01 2.4482565632e+01 1.7444158005e-02 1.1106716009e-01 1.0456356238e+00 1.0000000000e+00 0.0000000000e+00 2.3533510028e+01
1.8207685210e-01 3.4822585386e-04 4.2963027954e-04 1.8593766593e+01 1.6532135630e-01 2.4382122412e+01 2.4485312674e+01 1.8374375041e-02 1.1114338432e-01 1.0476146275e+00 1.0000000000e+00 0.0000000000e+00 2.3496147376e+01
1.9127104554e-01 3.5892233735e-04 4.5986175537e-04 1.7894049639e+01 1.7380042107e-01 2.4391171067e+01 2.4487526170e+01 1.9301214425e-02 1.1105389910e-01 1.0496090992e+00 1.0000000000e+00 0.0000000000e+00 2.3460897279e+01
2.0236267009e-01 3.6980166672e-04 4.9877166748e-04 1.7204888246e+01 1.8400614172e-01 2.4381257202e+01 2.4490244371e+01 2.0457601714e-02 1.1117890698e-01 1.0519619011e+00 1.0000000000e+00 0.0000000000e+00 2.3421450913e+01
2.1339934798e-01 3.8086384196e-04 5.3920745850e-04 1.6631628943e+01 1.9421933269e-01 2.4383896093e+01 2.4492926522e+01 2.1568625140e-02 1.1105292579e-01 1.0542592924e+00 1.0000000000e+00 0.0000000000e+00 2.3365024801e+01
2.2439493774e-01 3.9210886308e-04 5.8193206787e-04 1.6159080083e+01 2.0439045722e-01 2.4369101002e+01 2.4497829379e+01 2.2696319047e-02 1.1104392718e-01 1.0565045242e+00 1.0000000000e+00 0.0000000000e+00 2.3305930958e+01
2.3818048043e-01 4.0353673006e-04 6.3896179199e-04 1.5668080620e+01 2.1714136104e-01 2.4365373389e+01 2.4488997027e+01 2.4134625417e-02 1.1114706706e-01 1.0592524888e+00 1.0000000000e+00 0.0000000000e+00 2.3228372092e+01
2.5193203678e-01 4.1514744292e-04 6.9923400879e-04 1.5267823660e+01 2.2988869439e-01 2.4349038945e+01 2.4494779513e+01 2.5568282955e-02 1.1122027128e-01 1.0619204968e+00 1.0000000000e+00 0.0000000000e+00 2.3138206395e+01
2.6552561970e-01 4.2694100165e-04 7.6179504395e-04 1.4932179862e+01 2.4254148128e-01 2.4353018911e+01 2.4500489899e+01 2.6960585420e-02 1.1115865739e-01 1.0645011693e+00 1.0000000000e+00 0.0000000000e+00 2.3053588857e+01
2.8178622175e-01 4.3891740625e-04 8.4114074707e-04 1.4599333577e+01 2.5770456569e-01 2.4345030139e+01 2.4494245967e+01 2.8632434678e-02 1.1110565543e-01 1.0675101992e+00 1.0000000000e+00 0.0000000000e+00 2.2927470080e+01
2.9887480123e-01 4.5107665672e-04 9.3040466309e-04 1.4312437152e+01 2.7365407101e-01 2.4309159974e+01 2.4490554405e+01 3.0414093967e-02 1.1114065965e-01 1.0705692448e+00 1.0000000000e+00 0.0000000000e+00 2.2773469911e+01
3.1575125672e-01 4.6341875306e-04 1.0234832764e-03 1.4076451125e+01 2.8944978404e-01 2.4294682127e+01 2.4499098353e+01 3.2170119377e-02 1.1114231604e-01 1.0735037548e+00 1.0000000000e+00 0.0000000000e+00 2.2626095808e+01
3.3406114573e-01 4.7594369528e-04 1.1299133301e-03 1.3859932324e+01 3.0664184129e-01 2.4270110163e+01 2.4495925917e+01 3.4066644436e-02 1.1109587750e-01 1.0766038418e+00 1.0000000000e+00 0.0000000000e+00 2.2439095088e+01
3.5510125471e-01 4.8865148336e-04 1.2596130371e-03 1.3650746177e+01 3.2644080278e-01 2.4238119024e+01 2.4496776707e+01 3.6261118815e-02 1.1108022804e-01 1.0800405550e+00 1.0000000000e+00 0.0000000000e+00 2.2185610189e+01
3.7580275910e-01 5.0154211732e-04 1.3938903809e-03 1.3476154009e+01 3.4598748313e-01 2.4211203783e+01 2.4495832186e+01 3.8415832552e-02 1.1103243448e-01 1.0833058483e+00 1.0000000000e+00 0.0000000000e+00 2.1922434938e+01
3.9608117002e-01 5.1461559715e-04 1.5327453613e-03 1.3335896259e+01 3.6514385628e-01 2.4159529116e+01 2.4494195497e+01 4.0576044980e-02 1.1112344979e-01 1.0864087686e+00 1.0000000000e+00 0.0000000000e+00 2.1634500261e+01
4.2062777169e-01 5.2787192285e-04 1.7082214355e-03 1.3193309651e+01 3.8841799410e-01 2.4090773761e+01 2.4498233143e+01 4.3186208922e-02 1.1118488221e-01 1.0900462282e+00 1.0000000000e+00 0.0000000000e+00 2.1270419895e+01
4.4556722020e-01 5.4131109443e-04 1.8943786621e-03 1.3073276184e+01 4.1216329596e-01 2.4015039046e+01 2.4501931916e+01 4.5830813544e-02 1.1119576632e-01 1.0936041588e+00 1.0000000000e+00 0.0000000000e+00 2.0855061416e+01
4.6984607426e-01 5.5493311187e-04 2.0820617676e-03 1.2978687102e+01 4.3537965274e-01 2.3935216214e+01 2.4505738840e+01 4.8395253835e-02 1.1115644365e-01 1.0969584814e+00 1.0000000000e+00 0.0000000000e+00 2.0420848569e+01
4.9440246239e-01 5.6873797519e-04 2.2789001465e-03 1.2895655782e+01 4.5892251192e-01 2.3822666813e+01 2.4511067092e+01 5.1018417205e-02 1.1117000339e-01 1.1002629769e+00 1.0000000000e+00 0.0000000000e+00 1.9968675404e+01
5.2371815842e-01 5.8272568438e-04 2.5215148926e-03 1.2811074295e+01 4.8715252253e-01 2.3664254073e+01 2.4505450437e+01 5.4147895531e-02 1.1115183239e-01 1.1040828161e+00 1.0000000000e+00 0.0000000000e+00 1.9411573897e+01
5.5217102811e-01 5.9689623944e-04 2.7626037598e-03 1.2746610743e+01 5.1469794735e-01 2.3496426767e+01 2.4516388133e+01 5.7166810042e-02 1.1106865752e-01 1.1076680882e+00 1.0000000000e+00 0.0000000000e+00 1.8874590326e+01
5.7970616965e-01 6.1124964037e-04 3.0044555664e-03 1.2693486849e+01 5.4136577229e-01 2.3266107865e+01 2.4509199680e+01 6.0196071415e-02 1.1119297617e-01 1.1110516488e+00 1.0000000000e+00 0.0000000000e+00 1.8363712663e+01
6.0842938192e-01 6.2578588718e-04 3.2608032227e-03 1.2649375559e+01 5.6937566644e-01 2.3000502817e+01 2.4517527326e+01 6.3296546341e-02 1.1116833766e-01 1.1145141197e+00 1.0000000000e+00 0.0000000000e+00 1.7832315103e+01
6.4102146143e-01 6.4050497985e-04 3.5568237305e-03 1.2611111647e+01 6.0134624315e-01 2.2666899472e+01 2.4523237712e+01 6.6789623812e-02 1.1106683474e-01 1.1183397888e+00 1.0000000000e+00 0.0000000000e+00 1.7262451749e+01
6.7248163706e-01 6.5540691840e-04 3.8497924805e-03 1.2574282542e+01 6.3229148925e-01 2.2305212853e+01 2.4521810116e+01 7.0238061008e-02 1.1108493820e-01 1.1219471700e+00 1.0000000000e+00 0.0000000000e+00 1.6738336373e+01
7.0274403977e-01 6.7049170282e-04 4.1366577148e-03 1.2547634074e+01 6.6220663899e-01 2.1909408120e+01 2.4535754417e+01 7.3561810160e-02 1.1108588442e-01 1.1253642533e+00 1.0000000000e+00 0.0000000000e+00 1.6268700387e+01
7.3400611988e-01 6.8575933311e-04 4.4387817383e-03 1.2529724227e+01 6.9324899115e-01 2.1478043256e+01 2.4538328417e+01 7.7017990427e-02 1.1109715472e-01 1.1288613005e+00 1.0000000000e+00 0.0000000000e+00 1.5822569272e+01
7.6917721695e-01 7.0120980928e-04 4.7866821289e-03 1.2508504952e+01 7.2830074297e-01 2.0969552131e+01 2.4531406737e+01 8.0975378310e-02 1.1118398421e-01 1.1327385822e+00 1.0000000000e+00 0.0000000000e+00 1.5343610648e+01
8.0296854804e-01 7.1684313131e-04 5.1223754883e-03 1.2496651575e+01 7.6230658699e-01 2.0485178734e+01 2.4537852551e+01 8.4650825824e-02 1.1104564393e-01 1.1364099695e+00 1.0000000000e+00 0.0000000000e+00 1.4918302254e+01
8.3534546516e-01 7.3265929922e-04 5.4550170898e-03 1.2492606718e+01 7.9490062992e-01 2.0008599438e+01 2.4546180197e+01 8.8342284545e-02 1.1113626184e-01 1.1399210201e+00 1.0000000000e+00 0.0000000000e+00 1.4559852963e+01
8.6714664192e-01 7.4865831300e-04 5.7846069336e-03 1.2481005694e+01 8.2719147895e-01 1.9554010896e+01 2.4550650449e+01 9.1875854349e-02 1.1106963344e-01 1.1433678179e+00 1.0000000000e+00 0.0000000000e+00 1.4208628175e+01
9.0398803199e-01 7.6484017265e-04 6.1798095703e-03 1.2479369005e+01 8.6465687413e-01 1.9035555435e+01 2.4553375860e+01 9.6135632958e-02 1.1118356406e-01 1.1473671153e+00 1.0000000000e+00 0.0000000000e+00 1.3852601471e+01
9.3924620138e-01 7.8120487817e-04 6.5643310547e-03 1.2470551073e+01 9.0077697496e-01 1.8568998155e+01 2.4567615775e+01 1.0017774526e-01 1.1121259539e-01 1.1511871491e+00 1.0000000000e+00 0.0000000000e+00 1.3533706697e+01
9.7296903233e-01 7.9775242956e-04 6.9366455078e-03 1.2470204989e+01 9.3562014501e-01 1.8140430803e+01 2.4566231439e+01 1.0396276062e-01 1.1111641961e-01 1.1548513500e+00 1.0000000000e+00 0.0000000000e+00 1.3238035601e+01
1.0051271108e+00 8.1448282683e-04 7.3028564453e-03 1.2468986485e+01 9.6895992786e-01 1.7740523533e+01 2.4564501019e+01 1.0765606434e-01 1.1110476423e-01 1.1583930660e+00 1.0000000000e+00 0.0000000000e+00 1.2985790836e+01
1.0408374418e+00 8.3139606996e-04 7.7178955078e-03 1.2470623174e+01 1.0062557996e+00 1.7328705204e+01 2.4569706699e+01 1.1171689105e-01 1.1102235742e-01 1.1623702376e+00 1.0000000000e+00 0.0000000000e+00 1.2706868763e+01
1.0765669951e+00 8.4849215897e-04 8.1512451172e-03 1.2472000300e+01 1.0436362429e+00 1.6931379144e+01 2.4578229018e+01 1.1595887381e-01 1.1111043202e-01 1.1664114815e+00 1.0000000000e+00 0.0000000000e+00 1.2455330587e+01
1.1106329949e+00 8.6577109385e-04 8.5723876953e-03 1.2471582115e+01 1.0795776606e+00 1.6576570944e+01 2.4585907756e+01 1.1993540389e-01 1.1109474405e-01 1.1703115780e+00 1.0000000000e+00 0.0000000000e+00 1.2238451281e+01
1.1429952087e+00 8.8323287460e-04 8.9874267578e-03 1.2471120670e+01 1.1138520649e+00 1.6251251985e+01 2.4592757335e+01 1.2379715342e-01 1.1114326338e-01 1.1741025225e+00 1.0000000000e+00 0.0000000000e+00 1.2040952679e+01
1.1748791864e+00 9.0087750123e-04 9.4024658203e-03 1.2471863308e+01 1.1479580672e+00 1.5956669612e+01 2.4600551436e+01 1.2747487311e-01 1.1104488635e-01 1.1779033560e+00 1.0000000000e+00 0.0000000000e+00 1.1856374547e+01
1.2101179900e+00 9.1870497372e-04 9.8846435547e-03 1.2468964855e+01 1.1857141170e+00 1.5628913645e+01 2.4602202545e+01 1.3172517426e-01 1.1109353627e-01 1.1822268654e+00 1.0000000000e+00 0.0000000000e+00 1.1727631299e+01
1.2436180124e+00 9.3671529209e-04 1.0354614258e-02 1.2466204294e+01 1.2219166440e+00 1.5330828072e+01 2.4605288460e+01 1.3569826095e-01 1.1105361533e-01 1.1864175287e+00 1.0000000000e+00 0.0000000000e+00 1.1680564777e+01
1.2753373320e+00 9.5490845633e-04 1.0818481445e-02 1.2467567000e+01 1.2563417360e+00 1.5066412687e+01 2.4607711048e+01 1.3953698133e-01 1.1106610354e-01 1.1905068052e+00 1.0000000000e+00 0.0000000000e+00 1.1657031065e+01
1.3053647176e+00 9.7328446644e-04 1.1276245117e-02 1.2460421807e+01 1.2890728689e+00 1.4822993065e+01 2.4608893502e+01 1.4323427719e-01 1.1111418186e-01 1.1945078495e+00 1.0000000000e+00 0.0000000000e+00 1.1643187705e+01
1.3358799874e+00 9.9184332243e-04 1.1758422852e-02 1.2457256581e+01 1.3225510800e+00 1.4583567828e+01 2.4613616106e+01 1.4698818713e-01 1.1113989422e-01 1.1987069111e+00 1.0000000000e+00 0.0000000000e+00 1.1641341924e+01
1.3678333456e+00 1.0105850243e-03 1.2286376953e-02 1.2455987606e+01 1.3577741170e+00 1.4331272593e+01 2.4612354342e+01 1.5098372634e-01 1.1119944360e-01 1.2032536898e+00 1.0000000000e+00 0.0000000000e+00 1.1636266025e+01
1.3982032461e+00 1.0295095720e-03 1.2799072266e-02 1.2448092565e+01 1.3916162871e+00 1.4101883793e+01 2.4611496342e+01 1.5463440778e-01 1.1111856710e-01 1.2076783521e+00 1.0000000000e+00 0.0000000000e+00 1.1636727470e+01
1.4267206822e+00 1.0486169656e-03 1.3311767578e-02 1.2443254599e+01 1.4234049039e+00 1.3890318318e+01 2.4609001653e+01 1.5825844978e-01 1.1118301570e-01 1.2120332903e+00 1.0000000000e+00 0.0000000000e+00 1.1636496748e+01
1.4537944285e+00 1.0679072051e-03 1.3812255859e-02 1.2436614112e+01 1.4538612383e+00 1.3691730994e+01 2.4604682813e+01 1.6160528537e-01 1.1115592129e-01 1.2162952634e+00 1.0000000000e+00 0.0000000000e+00 1.1634881689e+01
1.4811589980e+00 1.0873802904e-03 1.4337158203e-02 1.2427219374e+01 1.4848702246e+00 1.3505126828e+01 2.4608669989e+01 1.6495184866e-01 1.1108839407e-01 1.2207619437e+00 1.0000000000e+00 0.0000000000e+00 1.1638573252e+01
1.5093602036e+00 1.1070362216e-03 1.4910888672e-02 1.2419591105e+01 1.5169032927e+00 1.3305537302e+01 2.4591120647e+01 1.6853195918e-01 1.1110263917e-01 1.2255822274e+00 1.0000000000e+00 0.0000000000e+00 1.1633035908e+01
1.5360466656e+00 1.1268749987e-03 1.5472412109e-02 1.2409713291e+01 1.5474855663e+00 1.3133245151e+01 2.4586470143e+01 1.7183862476e-01 1.1104376577e-01 1.2302986333e+00 1.0000000000e+00 0.0000000000e+00 1.1637650361e+01
1.5610158277e+00 1.1468966217e-03 1.6033935547e-02 1.2397924805e+01 1.5761141385e+00 1.2959013488e+01 2.4568956850e+01 1.7509989542e-01 1.1109594867e-01 1.2349547633e+00 1.0000000000e+00 0.0000000000e+00 1.1628421454e+01
1.5846893093e+00 1.1671010905e-03 1.6583251953e-02 1.2388573327e+01 1.6035084514e+00 1.2801999504e+01 2.4562143322e+01 1.7809609358e-01 1.1106651382e-01 1.2395231314e+00 1.0000000000e+00 0.0000000000e+00 1.1632574462e+01
1.6075472493e+00 1.1874884052e-03 1.7144775391e-02 1.2373388892e+01 1.6300370136e+00 1.2639166982e+01 2.4531940283e+01 1.8106919807e-01 1.1108287515e-01 1.2441620084e+00 1.0000000000e+00 0.0000000000e+00 1.1628882900e+01
1.6318127945e+00 1.2080585658e-03 1.7767333984e-02 1.2361059649e+01 1.6583977524e+00 1.2479175234e+01 2.4513251747e+01 1.8419331878e-01 1.1106703354e-01 1.2492925664e+00 1.0000000000e+00 0.0000000000e+00 1.1620115438e+01
1.6544244359e+00 1.2288115722e-03 1.8389892578e-02 1.2344252945e+01 1.6848386296e+00 1.2339508710e+01 2.4480034893e+01 1.8725911587e-01 1.1114365054e-01 1.2543604400e+00 1.0000000000e+00 0.0000000000e+00 1.1617346766e+01
1.6758056409e+00 1.2497474245e-03 1.9000244141e-02 1.2330560997e+01 1.7100658397e+00 1.2195537767e+01 2.4432390663e+01 1.9007094268e-01 1.1114831854e-01 1.2593371147e+00 1.0000000000e+00 0.0000000000e+00 1.1609502196e+01
1.6960546967e+00 1.2708661227e-03 1.9598388672e-02 1.2315434242e+01 1.7341773082e+00 1.2063102957e+01 2.4398351859e+01 1.9263907186e-01 1.1108383840e-01 1.2642280061e+00 1.0000000000e+00 0.0000000000e+00 1.1601657625e+01
1.7149556417e+00 1.2921676668e-03 2.0196533203e-02 1.2298750109e+01 1.7566924585e+00 1.1939435608e+01 2.4338580269e+01 1.9515790563e-01 1.1109395085e-01 1.2690743660e+00 1.0000000000e+00 0.0000000000e+00 1.1595197390e+01
1.7344464591e+00 1.3136520567e-03 2.0855712891e-02 1.2281006094e+01 1.7799475246e+00 1.1807462243e+01 2.4288873954e+01 1.9785340615e-01 1.1115687593e-01 1.2743741784e+00 1.0000000000e+00 0.0000000000e+00 1.1587352820e+01
1.7534777017e+00 1.3353192925e-03 2.1527099609e-02 1.2261647021e+01 1.8028423041e+00 1.1680103331e+01 2.4213521374e+01 2.0041677560e-01 1.1116711381e-01 1.2797709616e+00 1.0000000000e+00 0.0000000000e+00 1.1572125124e+01
1.7714489183e+00 1.3571693742e-03 2.2186279297e-02 1.2244688905e+01 1.8246545311e+00 1.1561050436e+01 2.4137267533e+01 2.0275160750e-01 1.1111780562e-01 1.2850774553e+00 1.0000000000e+00 0.0000000000e+00 1.1561050436e+01
1.7881555321e+00 1.3792023017e-03 2.2845458984e-02 1.2223469629e+01 1.8449325509e+00 1.1439228868e+01 2.4048713290e+01 2.0503667205e-01 1.1113505041e-01 1.2903361735e+00 1.0000000000e+00 0.0000000000e+00 1.1555513092e+01
1.8038319466e+00 1.4014180752e-03 2.3498535156e-02 1.2204211497e+01 1.8640484241e+00 1.1326636207e+01 2.3959755282e+01 2.0718798540e-01 1.1114946517e-01 1.2955324978e+00 1.0000000000e+00 0.0000000000e+00 1.1539823951e+01
1.8189394441e+00 1.4238166944e-03 2.4133300781e-02 1.2187599465e+01 1.8827691164e+00 1.1233424250e+01 2.3856752032e+01 2.0902698378e-01 1.1102103915e-01 1.3006421124e+00 1.0000000000e+00 0.0000000000e+00 1.1531979380e+01
1.8344273476e+00 1.4463981596e-03 2.4865722656e-02 1.2164397417e+01 1.9017505910e+00 1.1118062918e+01 2.3740684111e+01 2.1125503242e-01 1.1108450993e-01 1.3064118709e+00 1.0000000000e+00 0.0000000000e+00 1.1515828793e+01
1.8487437587e+00 1.4691624706e-03 2.5598144531e-02 1.2142183150e+01 1.9192845123e+00 1.1010084710e+01 2.3611342426e+01 2.1342631268e-01 1.1120097688e-01 1.3121297369e+00 1.0000000000e+00 0.0000000000e+00 1.1498293871e+01
1.8625223709e+00 1.4921096275e-03 2.6306152344e-02 1.2121115287e+01 1.9364796468e+00 1.0905798065e+01 2.3467047029e+01 2.1524352427e-01 1.1115196827e-01 1.3177231357e+00 1.0000000000e+00 0.0000000000e+00 1.1485834847e+01
1.8752841245e+00 1.5152396303e-03 2.7014160156e-02 1.2097293172e+01 1.9523972339e+00 1.0802434311e+01 2.3307408574e+01 2.1701863119e-01 1.1115495731e-01 1.3232727856e+00 1.0000000000e+00 0.0000000000e+00 1.1469684260e+01
1.8871038222e+00 1.5385524790e-03 2.7722167969e-02 1.2077054468e+01 1.9671280254e+00 1.0710145244e+01 2.3149053515e+01 2.1875057082e-01 1.1120301678e-01 1.3287820314e+00 1.0000000000e+00 0.0000000000e+00 1.1450303556e+01
1.8987682251e+00 1.5620481735e-03 2.8405761719e-02 1.2056217327e+01 1.9820315040e+00 1.0623393522e+01 2.2989826035e+01 2.2010986392e-01 1.1105265657e-01 1.3342003853e+00 1.0000000000e+00 0.0000000000e+00 1.1439690314e+01
1.9104054167e+00 1.5857267139e-03 2.9187011719e-02 1.2030261027e+01 1.9966753480e+00 1.0522798440e+01 2.2790301400e+01 2.2180061224e-01 1.1108496555e-01 1.3402571658e+00 1.0000000000e+00 0.0000000000e+00 1.1421693946e+01
1.9211109342e+00 1.6095881001e-03 2.9968261719e-02 1.2006525433e+01 2.0101275273e+00 1.0434200936e+01 2.2617843417e+01 2.2344667943e-01 1.1116044947e-01 1.3462658940e+00 1.0000000000e+00 0.0000000000e+00 1.1400928906e+01
1.9314481824e+00 1.6336323323e-03 3.0725097656e-02 1.1982768208e+01 2.0233807403e+00 1.0349294995e+01 2.2459863282e+01 2.2478983666e-01 1.1109616306e-01 1.3521512847e+00 1.0000000000e+00 0.0000000000e+00 1.1386624101e+01
1.9409755236e+00 1.6578594103e-03 3.1481933594e-02 1.1959977135e+01 2.0355812576e+00 1.0263466164e+01 2.2284816879e+01 2.2610098691e-01 1.1107440986e-01 1.3579950758e+00 1.0000000000e+00 0.0000000000e+00 1.1365397615e+01
1.9497539133e+00 1.6822693342e-03 3.2238769531e-02 1.1936803927e+01 2.0468065326e+00 1.0176714441e+01 2.2108818746e+01 2.2737937861e-01 1.1108982456e-01 1.3637999952e+00 1.0000000000e+00 0.0000000000e+00 1.1343248239e+01
1.9578389871e+00 1.7068621039e-03 3.2995605469e-02 1.1913407207e+01 2.0571274829e+00 1.0101037407e+01 2.1931133453e+01 2.2862440629e-01 1.1113769477e-01 1.3695684253e+00 1.0000000000e+00 0.0000000000e+00 1.1327559098e+01
1.9664187362e+00 1.7316377195e-03 3.3801269531e-02 1.1888683831e+01 2.0683121467e+00 1.0017054356e+01 2.1734197238e+01 2.2971795932e-01 1.1106542099e-01 1.3757721915e+00 1.0000000000e+00 0.0000000000e+00 1.1312331402e+01
1.9742404545e+00 1.7565961810e-03 3.4631347656e-02 1.1864804486e+01 2.0783959166e+00 9.9312259754e+00 2.1539474518e+01 2.3089526606e-01 1.1109301371e-01 1.3820755118e+00 1.0000000000e+00 0.0000000000e+00 1.1287413805e+01
1.9813831582e+00 1.7817374884e-03 3.5461425781e-02 1.1840477665e+01 2.0875791292e+00 9.8537031597e+00 2.1339805681e+01 2.3204089209e-01 1.1115310018e-01 1.3883359770e+00 1.0000000000e+00 0.0000000000e+00 1.1267571656e+01
1.9883283946e+00 1.8070616416e-03 3.6267089844e-02 1.1814478105e+01 2.0967202188e+00 9.7807947973e+00 2.1147217146e+01 2.3293458639e-01 1.1109473944e-01 1.3944757680e+00 1.0000000000e+00 0.0000000000e+00 1.1249575288e+01
1.9946799661e+00 1.8325686407e-03 3.7072753906e-02 1.1790886712e+01 2.1050629405e+00 9.7125008882e+00 2.0952898190e+01 2.3380627118e-01 1.1106854179e-01 1.4005773603e+00 1.0000000000e+00 0.0000000000e+00 1.1232963256e+01
2.0004828728e+00 1.8582584857e-03 3.7878417969e-02 1.1768160529e+01 2.1126666037e+00 9.6423611978e+00 2.0766712209e+01 2.3465529110e-01 1.1107066808e-01 1.4066428314e+00 1.0000000000e+00 0.0000000000e+00 1.1213121106e+01
2.0059937150e+00 1.8841311766e-03 3.8708496094e-02 1.1744266313e+01 2.1198916607e+00 9.5703757261e+00 2.0580223404e+01 2.3548548060e-01 1.1108373365e-01 1.4128674188e+00 1.0000000000e+00 0.0000000000e+00 1.1190971731e+01
2.0115610541e+00 1.9101867133e-03 3.9587402344e-02 1.1718735408e+01 2.1272759803e+00 9.4974673637e+00 2.0367944132e+01 2.3624759846e-01 1.1105639355e-01 1.4194687486e+00 1.0000000000e+00 0.0000000000e+00 1.1172513917e+01
2.0165904320e+00 1.9364250959e-03 4.0466308594e-02 1.1694264386e+01 2.1339240746e+00 9.4217903294e+00 2.0178556874e+01 2.3698964795e-01 1.1105814436e-01 1.4260277451e+00 1.0000000000e+00 0.0000000000e+00 1.1146672979e+01
2.0211251544e+00 1.9628463244e-03 4.1345214844e-02 1.1669526590e+01 2.1398937390e+00 9.3516506390e+00 1.9997180018e+01 2.3771149955e-01 1.1108565590e-01 1.4325468008e+00 1.0000000000e+00 0.0000000000e+00 1.1128215165e+01
2.0253895828e+00 1.9894503987e-03 4.2211914063e-02 1.1646230811e+01 2.1455799038e+00 9.2805880579e+00 1.9807497146e+01 2.3831885805e-01 1.1107433362e-01 1.4389872625e+00 1.0000000000e+00 0.0000000000e+00 1.1109295907e+01
2.0290456155e+00 2.0162373189e-03 4.3090820312e-02 1.1622271704e+01 2.1503407197e+00 9.2233688368e+00 1.9627338795e+01 2.3900142988e-01 1.1114584200e-01 1.4454324339e+00 1.0000000000e+00 0.0000000000e+00 1.1084839304e+01
2.0330249204e+00 2.0432070850e-03 4.3920898438e-02 1.1598896614e+01 2.1558835076e+00 9.1523062557e+00 1.9467621029e+01 2.3930291459e-01 1.1099992822e-01 1.4516798709e+00 1.0000000000e+00 0.0000000000e+00 1.1068227272e+01
2.0360040316e+00 2.0703596970e-03 4.4848632813e-02 1.1574915877e+01 2.1596662321e+00 9.0997014879e+00 1.9292098761e+01 2.4001233048e-01 1.1113399233e-01 1.4583950149e+00 1.0000000000e+00 0.0000000000e+00 1.1047923678e+01
2.0394195966e+00 2.0976951548e-03 4.5776367188e-02 1.1550516955e+01 2.1643505490e+00 9.0369449228e+00 1.9114586510e+01 2.4039432724e-01 1.1106995923e-01 1.4652564493e+00 1.0000000000e+00 0.0000000000e+00 1.1022082739e+01
2.0424413540e+00 2.1252134585e-03 4.6704101562e-02 1.1526615529e+01 2.1684781755e+00 8.9668052324e+00 1.8945149553e+01 2.4076674379e-01 1.1103028221e-01 1.4720776525e+00 1.0000000000e+00 0.0000000000e+00 1.1003163481e+01
2.0451014052e+00 2.1529146081e-03 4.7631835937e-02 1.1503435111e+01 2.1720933177e+00 8.9123546833e+00 1.8779923284e+01 2.4112907817e-01 1.1101230145e-01 1.4788605870e+00 1.0000000000e+00 0.0000000000e+00 1.0983782777e+01
2.0474289566e+00 2.1807986035e-03 4.8559570313e-02 1.1480420525e+01 2.1752373563e+00 8.8403692116e+00 1.8625440039e+01 2.4148078351e-01 1.1101353275e-01 1.4856070095e+00 1.0000000000e+00 0.0000000000e+00 1.0962094846e+01
2.0494505969e+00 2.2088654448e-03 4.9487304688e-02 1.1457946695e+01 2.1779474243e+00 8.7960704598e+00 1.8464835433e+01 2.4182135030e-01 1.1103176670e-01 1.4923185156e+00 1.0000000000e+00 0.0000000000e+00 1.0943637033e+01
2.0511905883e+00 2.2371151320e-03 5.0415039062e-02 1.1435256563e+01 2.1802581545e+00 8.7388512386e+00 1.8324721884e+01 2.4215033082e-01 1.1106498115e-01 1.4989965664e+00 1.0000000000e+00 0.0000000000e+00 1.0924717774e+01
2.0525210580e+00 2.2655476651e-03 5.1391601563e-02 1.1412544801e+01 2.1818966141e+00 8.6770175642e+00 1.8183476352e+01 2.4257836799e-01 1.1117775536e-01 1.5059303374e+00 1.0000000000e+00 0.0000000000e+00 1.0903029844e+01
2.0544154800e+00 2.2941630440e-03 5.2368164063e-02 1.1388513593e+01 2.1846495050e+00 8.6234899058e+00 1.8038943022e+01 2.4263646089e-01 1.1106425096e-01 1.5130590267e+00 1.0000000000e+00 0.0000000000e+00 1.0884110585e+01
2.0554488184e+00 2.3229612688e-03 5.3393554688e-02 1.1365989293e+01 2.1859188297e+00 8.5671935753e+00 1.7888901189e+01 2.4298303134e-01 1.1115830471e-01 1.5203138455e+00 1.0000000000e+00 0.0000000000e+00 1.0860115428e+01
2.0567988155e+00 2.3519423395e-03 5.4370117188e-02 1.1344907009e+01 2.1878800235e+00 8.5118201355e+00 1.7749047203e+01 2.4303313271e-01 1.1108156302e-01 1.5273661697e+00 1.0000000000e+00 0.0000000000e+00 1.0842580505e+01
2.0579039717e+00 2.3811062560e-03 5.5346679687e-02 1.1322173616e+01 2.1894824751e+00 8.4536780237e+00 1.7616634023e+01 2.4308141096e-01 1.1102231405e-01 1.5343826579e+00 1.0000000000e+00 0.0000000000e+00 1.0817201012e+01
2.0582504543e+00 2.4104530184e-03 5.6372070313e-02 1.1300377535e+01 2.1897634304e+00 8.4103021626e+00 1.7495656035e+01 2.4339824998e-01 1.1115276043e-01 1.5415303364e+00 1.0000000000e+00 0.0000000000e+00 1.0798281753e+01
2.0589359607e+00 2.4399826267e-03 5.7348632813e-02 1.1279172680e+01 2.1907547322e+00 8.3521600508e+00 1.7381888131e+01 2.4343519552e-01 1.1111932885e-01 1.5484794041e+00 1.0000000000e+00 0.0000000000e+00 1.0780746831e+01
2.0594315407e+00 2.4696950809e-03 5.8325195313e-02 1.1258789774e+01 2.1914683739e+00 8.3078612990e+00 1.7251378413e+01 2.4346852187e-01 1.1109835066e-01 1.5553965841e+00 1.0000000000e+00 0.0000000000e+00 1.0762750463e+01
2.0596421295e+00 2.4995903809e-03 5.9399414062e-02 1.1237159524e+01 2.1917111231e+00 8.2580252032e+00 1.7134265030e+01 2.4356676257e-01 1.1113086940e-01 1.5629228429e+00 1.0000000000e+00 0.0000000000e+00 1.0744292650e+01
2.0597866303e+00 2.5296685268e-03 6.0473632812e-02 1.1214988518e+01 2.1919038811e+00 8.2100348887e+00 1.7013770117e+01 2.4359903549e-01 1.1113582014e-01 1.5704538153e+00 1.0000000000e+00 0.0000000000e+00 1.0718913156e+01
2.0597543180e+00 2.5599295186e-03 6.1547851562e-02 1.1193992755e+01 2.1918354010e+00 8.1601987929e+00 1.6904566196e+01 2.4362736038e-01 1.1115221529e-01 1.5779478799e+00 1.0000000000e+00 0.0000000000e+00 1.0700455343e+01
2.0595610271e+00 2.5903733562e-03 6.2622070312e-02 1.1173335867e+01 2.1915291362e+00 8.1020566811e+00 1.6790855972e+01 2.4365131038e-01 1.1117867719e-01 1.5854064511e+00 1.0000000000e+00 0.0000000000e+00 1.0682458975e+01
2.0596782907e+00 2.6210000397e-03 6.3647460937e-02 1.1153890272e+01 2.1918573759e+00 8.0605266013e+00 1.6675054824e+01 2.4343644184e-01 1.1106399737e-01 1.5926644772e+00 1.0000000000e+00 0.0000000000e+00 1.0665846943e+01
2.0591953178e+00 2.6518095691e-03 6.4721679688e-02 1.1133680409e+01 2.1911199279e+00 8.0162278494e+00 1.6584467337e+01 2.4345516323e-01 1.1110992152e-01 1.6000557812e+00 1.0000000000e+00 0.0000000000e+00 1.0648312021e+01
2.0585913576e+00 2.6828019444e-03 6.5795898438e-02 1.1114285285e+01 2.1902045752e+00 7.9719290976e+00 1.6474643348e+01 2.4346825550e-01 1.1116233536e-01 1.6074152431e+00 1.0000000000e+00 0.0000000000e+00 1.0631238543e+01
2.0583604749e+00 2.7139771655e-03 6.6821289063e-02 1.1095459757e+01 2.1900297000e+00 7.9276303458e+00 1.6379672131e+01 2.4322444121e-01 1.1105988252e-01 1.6146004079e+00 1.0000000000e+00 0.0000000000e+00 1.0614165066e+01
2.0575062103e+00 2.7453352325e-03 6.7993164062e-02 1.1075112902e+01 2.1887623808e+00 7.8768713593e+00 1.6281989922e+01 2.4320226284e-01 1.1111405467e-01 1.6225819114e+00 1.0000000000e+00 0.0000000000e+00 1.0589708464e+01
2.0565394088e+00 2.7768761454e-03 6.9165039063e-02 1.1054535324e+01 2.1873275763e+00 7.8362641701e+00 1.6183218991e+01 2.4317542741e-01 1.1117467272e-01 1.6305264010e+00 1.0000000000e+00 0.0000000000e+00 1.0572173541e+01
2.0558713789e+00 2.8085999042e-03 7.0288085937e-02 1.1035594435e+01 2.1864879993e+00 7.7910425276e+00 1.6081196312e+01 2.4293689819e-01 1.1110826964e-01 1.6382683981e+00 1.0000000000e+00 0.0000000000e+00 1.0555100064e+01
2.0550949579e+00 2.8405065088e-03 7.1411132813e-02 1.1017280824e+01 2.1854812128e+00 7.7421293225e+00 1.5989880607e+01 2.4270167132e-01 1.1105182232e-01 1.6459758301e+00 1.0000000000e+00 0.0000000000e+00 1.0538488032e+01
2.0538382094e+00 2.8725959593e-03 7.2583007813e-02 1.0998390405e+01 2.1836101142e+00 7.7135197119e+00 1.5900374633e+01 2.4266777889e-01 1.1113145946e-01 1.6538167609e+00 1.0000000000e+00 0.0000000000e+00 1.0522337445e+01
2.0528835785e+00 2.9048682556e-03 7.3706054688e-02 1.0981518811e+01 2.1823306377e+00 7.6646065068e+00 1.5820587851e+01 2.4243337549e-01 1.1108920495e-01 1.6614585012e+00 1.0000000000e+00 0.0000000000e+00 1.0505725413e+01
2.0516657917e+00 2.9373233979e-03 7.4853515625e-02 1.0963385451e+01 2.1805864868e+00 7.6203077549e+00 1.5725796886e+01 2.4229614303e-01 1.1111512636e-01 1.6691524509e+00 1.0000000000e+00 0.0000000000e+00 1.0490497717e+01
2.0502043993e+00 2.9699613860e-03 7.6025390625e-02 1.0946218243e+01 2.1784108891e+00 7.5898523631e+00 1.5644964642e+01 2.4225006835e-01 1.1120494741e-01 1.6768996699e+00 1.0000000000e+00 0.0000000000e+00 1.0474808576e+01
2.0492762241e+00 3.0027822200e-03 7.7197265625e-02 1.0928243505e+01 2.1773007653e+00 7.5464765019e+00 1.5561255575e+01 2.4181901989e-01 1.1106367285e-01 1.6849305677e+00 1.0000000000e+00 0.0000000000e+00 1.0455427872e+01
2.0476479678e+00 3.0357858998e-03 7.8466796875e-02 1.0910773473e+01 2.1749122203e+00 7.4994090781e+00 1.5476868760e+01 2.4171065638e-01 1.1113582154e-01 1.6932987130e+00 1.0000000000e+00 0.0000000000e+00 1.0438815840e+01
2.0459685554e+00 3.0689724255e-03 7.9736328125e-02 1.0893015038e+01 2.1724473689e+00 7.4689536862e+00 1.5406058532e+01 2.4159823565e-01 1.1121016744e-01 1.7016317564e+00 1.0000000000e+00 0.0000000000e+00 1.0423126699e+01
2.0448988450e+00 3.1023417971e-03 8.0908203125e-02 1.0876129023e+01 2.1711370959e+00 7.4246549344e+00 1.5318859784e+01 2.4113641436e-01 1.1106457295e-01 1.7095961836e+00 1.0000000000e+00 0.0000000000e+00 1.0408360448e+01
2.0431227950e+00 3.1358940146e-03 8.2177734375e-02 1.0859812604e+01 2.1685234625e+00 7.3923537611e+00 1.5244350784e+01 2.4102225541e-01 1.1114579094e-01 1.7178621848e+00 1.0000000000e+00 0.0000000000e+00 1.0390825526e+01
2.0419403008e+00 3.1696290779e-03 8.3349609375e-02 1.0843662018e+01 2.1670309465e+00 7.3471321187e+00 1.5170815144e+01 2.4057145083e-01 1.1101431256e-01 1.7257614988e+00 1.0000000000e+00 0.0000000000e+00 1.0376982166e+01
2.0400921308e+00 3.2035469871e-03 8.4619140625e-02 1.0828585734e+01 2.1643070158e+00 7.3129851641e+00 1.5095022748e+01 2.4045416021e-01 1.1109983863e-01 1.7339644639e+00 1.0000000000e+00 0.0000000000e+00 1.0361754470e+01
2.0382222181e+00 3.2376477422e-03 8.5888671875e-02 1.0812882172e+01 2.1615520178e+00 7.2825297722e+00 1.5032626687e+01 2.4033172774e-01 1.1118479952e-01 1.7421373544e+00 1.0000000000e+00 0.0000000000e+00 1.0348372555e+01
2.0365154032e+00 3.2719313432e-03 8.7158203125e-02 1.0797402123e+01 2.1591342266e+00 7.2493057084e+00 1.4956228645e+01 2.4007152131e-01 1.1118878963e-01 1.7504000546e+00 1.0000000000e+00 0.0000000000e+00 1.0334067750e+01
2.0351304330e+00 3.3063977900e-03 8.8427734375e-02 1.0781410158e+01 2.1573726557e+00 7.2170045352e+00 1.4892224735e+01 2.3955199159e-01 1.1103876326e-01 1.7588667687e+00 1.0000000000e+00 0.0000000000e+00 1.0319301499e+01
2.0331409093e+00 3.3410470827e-03 8.9794921875e-02 1.0766550177e+01 2.1544882395e+00 7.1699371113e+00 1.4813101281e+01 2.3934362131e-01 1.1109070680e-01 1.7676334001e+00 1.0000000000e+00 0.0000000000e+00 1.0304073803e+01
2.0311370483e+00 3.3758792213e-03 9.1162109375e-02 1.0751286430e+01 2.1515823884e+00 7.1394817195e+00 1.4747366951e+01 2.3913293932e-01 1.1114282243e-01 1.7763660295e+00 1.0000000000e+00 0.0000000000e+00 1.0286538881e+01
2.0291229522e+00 3.4108942057e-03 9.2529296875e-02 1.0736808583e+01 2.1486608948e+00 7.1081034369e+00 1.4681647042e+01 2.3891981202e-01 1.1119475046e-01 1.7850656581e+00 1.0000000000e+00 0.0000000000e+00 1.0272695521e+01
2.0276250625e+00 3.4460920360e-03 9.3798828125e-02 1.0722842652e+01 2.1467068405e+00 7.0785709357e+00 1.4614391385e+01 2.3842048267e-01 1.1106336374e-01 1.7933978146e+00 1.0000000000e+00 0.0000000000e+00 1.0260236497e+01
2.0255899337e+00 3.4814727122e-03 9.5166015625e-02 1.0709071393e+01 2.1437506747e+00 7.0324264025e+00 1.4562284113e+01 2.3820745764e-01 1.1111714644e-01 1.8020341175e+00 1.0000000000e+00 0.0000000000e+00 1.0246393137e+01
2.0235550074e+00 3.5170362343e-03 9.6533203125e-02 1.0695047781e+01 2.1407957489e+00 7.0148914799e+00 1.4494646321e+01 2.3799141809e-01 1.1116960514e-01 1.8106401158e+00 1.0000000000e+00 0.0000000000e+00 1.0233472668e+01
2.0220124031e+00 3.5527826022e-03 9.7802734375e-02 1.0682329194e+01 2.1387611252e+00 6.9696698374e+00 1.4441601739e+01 2.3750434912e-01 1.1104762768e-01 1.8188810223e+00 1.0000000000e+00 0.0000000000e+00 1.0222397980e+01
2.0196633320e+00 3.5887118160e-03 9.9267578125e-02 1.0668601195e+01 2.1352486482e+00 6.9502891335e+00 1.4373315040e+01 2.3741073928e-01 1.1118646041e-01 1.8279011157e+00 1.0000000000e+00 0.0000000000e+00 1.0209477510e+01
2.0175958447e+00 3.6248238757e-03 1.0073242188e-01 1.0655010188e+01 2.1323100621e+00 6.9179879603e+00 1.4318489566e+01 2.3708643985e-01 1.1118760074e-01 1.8371111539e+00 1.0000000000e+00 0.0000000000e+00 1.0197018486e+01
2.0155319857e+00 3.6611187812e-03 1.0219726563e-01 1.0642277406e+01 2.1293753759e+00 6.8829183404e+00 1.4262813303e+01 2.3676276596e-01 1.1118883436e-01 1.8462867405e+00 1.0000000000e+00 0.0000000000e+00 1.0184098242e+01
